18:22:20.309 -0.94,0.00,-0.01,0.94,0
18:22:20.443 -0.93,0.02,-0.02,0.93,0
18:22:20.570 -0.94,0.00,-0.02,0.94,1
18:22:20.689 -0.94,-0.02,-0.01,0.94,1
18:22:20.830 -0.94,0.01,-0.07,0.94,1
18:22:20.960 -0.94,0.01,-0.08,0.94,1
18:22:21.120 -0.92,0.03,-0.11,0.93,1
18:22:21.221 -0.91,0.02,-0.09,0.92,1
18:22:21.357 -0.87,0.03,-0.15,0.89,1
18:22:21.481 -0.78,0.01,-0.17,0.79,1
18:22:21.598 -0.56,0.03,-0.22,0.61,1
18:22:21.734 -0.08,-0.05,-0.21,0.22,1
18:22:21.860 0.60,-0.00,-0.28,0.66,1
18:22:22.006 1.92,-1.40,1.78,2.98,1
18:22:22.119 0.51,1.92,1.78,2.67,1
18:22:22.246 0.54,-0.11,-0.19,0.58,1
18:22:22.398 -0.02,-0.74,-0.53,0.91,1
18:22:22.506 -0.05,-0.77,-0.08,0.78,1
18:22:22.648 -0.03,-0.88,-0.08,0.88,1
18:22:22.764 -0.03,-0.92,-0.08,0.92,1
18:22:22.884 -0.03,-0.92,-0.07,0.93,1
18:22:23.027 -0.03,-0.92,-0.07,0.93,1
18:22:23.171 -0.02,-0.93,-0.07,0.94,1
18:22:23.288 -0.03,-0.92,-0.07,0.93,1
18:22:23.418 -0.03,-0.92,-0.07,0.93,1
18:22:23.547 -0.03,-0.92,-0.07,0.92,1
18:22:23.677 -0.03,-0.92,-0.07,0.93,0
18:22:23.813 -0.03,-0.92,-0.07,0.93,0
18:22:23.951 -0.02,-0.92,-0.07,0.92,0
18:22:24.062 -0.03,-0.92,-0.07,0.92,0
18:22:24.194 -0.02,-0.92,-0.08,0.92,0
18:22:24.321 -0.02,-0.93,-0.07,0.93,0
18:22:24.454 -0.02,-0.92,-0.07,0.93,0
18:22:24.583 -0.02,-0.92,-0.07,0.93,0
18:22:24.710 -0.02,-0.93,-0.07,0.93,0
18:22:24.847 -0.02,-0.92,-0.07,0.93,0
18:22:24.980 -0.02,-0.92,-0.08,0.93,0
18:22:25.111 -0.01,-0.97,-0.12,0.97,0
18:22:25.236 -0.02,-1.07,-0.16,1.08,0
18:22:25.359 -0.06,-0.94,-0.13,0.95,0
18:22:25.494 -0.09,-0.90,-0.14,0.92,0
18:22:25.645 -0.19,-0.96,-0.11,0.98,0
18:22:25.759 -0.17,-0.91,-0.09,0.93,0
18:22:25.892 -0.23,-0.92,-0.08,0.96,0
18:22:26.017 -0.26,-0.84,-0.08,0.88,0
18:22:26.146 -0.34,-0.90,-0.03,0.96,0
18:22:26.281 -0.35,-0.92,0.02,0.98,0
18:22:26.401 -0.42,-0.84,0.09,0.94,0
18:22:26.534 -0.47,-0.76,0.05,0.90,0
18:22:26.664 -0.51,-0.73,-0.06,0.89,0
18:22:26.789 -0.56,-0.72,-0.01,0.91,0
18:22:26.935 -0.60,-0.74,0.04,0.96,0
18:22:27.062 -0.65,-0.69,0.00,0.95,0
18:22:27.189 -0.69,-0.56,0.05,0.89,0
18:22:27.303 -0.73,-0.47,-0.07,0.87,0
18:22:27.522 -0.78,-0.35,0.00,0.85,0
18:22:27.565 -0.81,-0.33,0.02,0.88,0
18:22:27.718 -0.84,-0.44,0.03,0.94,0
18:22:27.831 -0.85,-0.38,0.00,0.93,0
18:22:27.957 -0.91,-0.39,0.03,0.99,0
18:22:28.084 -0.88,-0.30,0.05,0.93,0
18:22:28.231 -0.90,-0.15,0.06,0.91,0
18:22:28.351 -0.91,-0.05,0.06,0.92,0
18:22:28.474 -0.91,-0.03,0.01,0.91,0
18:22:28.605 -0.93,-0.08,0.01,0.93,0
18:22:28.740 -0.94,-0.01,0.05,0.94,0
18:22:28.878 -0.93,0.01,0.12,0.94,0
18:22:28.981 -0.94,-0.04,0.09,0.94,0
18:22:29.126 -0.94,-0.05,0.07,0.94,0
18:22:29.249 -0.94,0.02,-0.02,0.94,0
18:22:29.381 -0.94,-0.05,-0.10,0.95,0
18:22:29.509 -0.94,0.02,0.05,0.94,0
18:22:29.634 -0.94,0.12,0.01,0.94,0
18:22:29.771 -0.94,0.02,0.01,0.94,0
18:22:29.896 -0.94,0.03,-0.07,0.94,0
18:22:30.033 -0.94,-0.12,-0.03,0.95,0
18:22:30.162 -0.94,-0.02,0.03,0.94,0
18:22:30.278 -0.94,0.07,0.07,0.95,0
18:22:30.425 -0.94,0.05,-0.02,0.94,0
18:22:30.543 -0.94,0.02,0.00,0.94,0
18:22:30.674 -0.94,-0.05,0.00,0.94,0
18:22:30.806 -0.95,-0.02,-0.03,0.95,0
18:22:30.938 -0.94,0.00,-0.02,0.94,0
18:22:31.077 -0.94,-0.02,-0.01,0.94,0
18:22:31.203 -0.94,0.01,-0.03,0.94,0
18:22:31.309 -0.94,-0.00,-0.04,0.94,1
18:22:31.446 -0.94,-0.00,-0.02,0.94,1
18:22:31.565 -0.94,-0.01,-0.02,0.94,1
18:22:31.701 -0.94,0.00,-0.01,0.94,1
18:22:31.847 -0.94,-0.01,-0.01,0.94,1
18:22:31.962 -0.94,-0.02,-0.05,0.94,1
18:22:32.095 -0.93,-0.03,-0.06,0.94,1
18:22:32.218 -0.93,0.01,-0.07,0.94,1
18:22:32.363 -0.92,0.00,-0.08,0.93,1
18:22:32.514 -0.90,0.03,-0.14,0.91,1
18:22:32.605 -0.84,0.03,-0.16,0.85,1
18:22:32.738 -0.72,0.02,-0.20,0.75,1
18:22:32.865 -0.57,-0.03,-0.31,0.65,1
18:22:33.011 0.21,0.12,-0.03,0.24,1
18:22:33.130 0.80,0.08,-0.31,0.86,1
18:22:33.254 1.10,-0.83,1.78,2.25,1
18:22:33.386 0.45,1.92,-1.79,2.66,1
18:22:33.506 -0.09,1.92,-1.79,2.63,1
18:22:33.637 0.00,-0.26,-1.38,1.40,1
18:22:33.771 -0.02,0.03,-0.88,0.88,1
18:22:33.926 -0.02,0.02,-0.90,0.90,1
18:22:34.031 -0.02,0.02,-0.89,0.89,1
18:22:34.150 -0.02,0.02,-0.90,0.90,1
18:22:34.296 -0.02,0.02,-0.90,0.90,1
18:22:34.414 -0.02,0.02,-0.89,0.89,1
18:22:34.553 -0.02,0.02,-0.90,0.90,1
18:22:34.663 -0.02,0.02,-0.89,0.89,1
18:22:34.797 -0.01,0.02,-0.90,0.90,0
18:22:34.922 -0.02,0.02,-0.90,0.90,0
18:22:35.071 -0.02,0.02,-0.90,0.90,0
18:22:35.202 -0.02,0.01,-0.90,0.90,0
18:22:35.326 -0.02,0.02,-0.90,0.90,0
18:22:35.456 -0.02,0.02,-0.90,0.90,0
18:22:35.567 -0.02,0.02,-0.90,0.90,0
18:22:35.702 -0.02,0.02,-0.90,0.90,0
18:22:35.829 -0.02,0.02,-0.89,0.89,0
18:22:35.971 -0.02,0.02,-0.89,0.89,0
18:22:36.091 -0.02,0.02,-0.90,0.90,0
18:22:36.225 -0.01,0.02,-0.90,0.90,0
18:22:36.357 -0.01,0.01,-0.90,0.90,0
18:22:36.481 -0.02,0.01,-0.90,0.90,0
18:22:36.611 -0.02,-0.04,-0.86,0.86,0
18:22:36.735 -0.00,-0.17,-1.22,1.23,0
18:22:36.865 -0.03,-0.21,-1.08,1.10,0
18:22:37.011 -0.09,-0.11,-0.92,0.93,0
18:22:37.125 -0.10,-0.27,-0.88,0.92,0
18:22:37.269 -0.18,-0.33,-0.80,0.88,0
18:22:37.395 -0.21,-0.35,-0.79,0.89,0
18:22:37.521 -0.30,-0.29,-0.78,0.89,0
18:22:37.670 -0.36,-0.29,-0.80,0.92,0
18:22:37.785 -0.39,-0.30,-0.75,0.90,0
18:22:37.912 -0.46,-0.44,-0.73,0.97,0
18:22:38.033 -0.45,-0.63,-0.72,1.06,0
18:22:38.172 -0.54,-0.42,-0.66,0.95,0
18:22:38.296 -0.55,-0.24,-0.59,0.84,0
18:22:38.429 -0.63,-0.40,-0.60,0.96,0
18:22:38.553 -0.71,-0.34,-0.53,0.95,0
18:22:38.678 -0.72,-0.15,-0.46,0.87,0
18:22:38.827 -0.79,-0.20,-0.25,0.85,0
18:22:38.943 -0.82,-0.24,-0.28,0.90,0
18:22:39.082 -0.84,-0.20,-0.25,0.90,0
18:22:39.214 -0.88,-0.01,-0.20,0.90,0
18:22:39.341 -0.90,-0.11,-0.14,0.91,0
18:22:39.469 -0.92,0.13,-0.19,0.95,0
18:22:39.605 -0.94,0.20,0.02,0.96,0
18:22:39.731 -0.94,-0.07,-0.02,0.94,0
18:22:39.866 -0.93,-0.10,-0.14,0.95,0
18:22:39.980 -0.94,0.04,-0.01,0.95,0
18:22:40.118 -0.94,0.09,-0.16,0.96,0
18:22:40.241 -0.94,-0.02,0.04,0.95,0
18:22:40.376 -0.94,0.01,-0.04,0.94,0
18:22:40.511 -0.94,-0.11,-0.21,0.97,0
18:22:40.643 -0.94,-0.01,-0.06,0.95,0
18:22:40.769 -0.94,0.00,0.07,0.95,0
18:22:40.894 -0.94,-0.05,-0.01,0.94,0
18:22:41.025 -0.94,-0.06,-0.02,0.94,0
18:22:41.166 -0.95,0.01,-0.04,0.95,0
18:22:41.307 -0.94,0.02,-0.03,0.94,0
18:22:41.427 -0.94,0.03,-0.05,0.94,0
18:22:41.546 -0.94,0.02,-0.03,0.95,0
18:22:41.664 -0.94,0.01,-0.06,0.94,0
18:22:41.809 -0.94,0.05,-0.03,0.95,0
18:22:41.925 -0.94,0.00,-0.01,0.94,0
18:22:42.050 -0.95,0.00,-0.03,0.95,0
18:22:42.176 -0.94,-0.05,-0.06,0.94,0
18:22:42.322 -0.94,0.00,-0.05,0.94,0
18:22:42.447 -0.94,0.00,-0.02,0.95,0
18:22:42.582 -0.94,-0.01,-0.04,0.94,1
18:22:42.702 -0.94,-0.00,-0.04,0.94,1
18:22:42.884 -0.94,0.00,-0.06,0.94,1
18:22:42.962 -0.94,0.00,-0.10,0.95,1
18:22:43.098 -0.93,-0.00,-0.07,0.93,1
18:22:43.218 -0.93,-0.01,-0.14,0.94,1
18:22:43.356 -0.91,0.00,-0.11,0.92,1
18:22:43.473 -0.88,-0.00,-0.14,0.89,1
18:22:43.617 -0.79,-0.00,-0.17,0.81,1
18:22:43.750 -0.61,-0.00,-0.21,0.64,1
18:22:43.865 -0.24,0.00,-0.25,0.35,1
18:22:44.008 0.50,0.00,-0.27,0.56,1
18:22:44.163 0.97,0.00,-0.16,0.99,1
18:22:44.254 -0.02,-1.93,0.33,1.95,1
18:22:44.395 -0.38,-1.24,-1.79,2.21,1
18:22:44.519 -1.93,-1.93,1.78,3.26,1
18:22:44.650 -1.93,1.92,1.78,3.25,1
18:22:44.769 -0.06,0.16,0.67,0.69,1
18:22:44.896 -0.06,-0.06,0.77,0.78,1
18:22:45.038 -0.06,-0.06,0.83,0.84,1
18:22:45.167 -0.06,-0.05,0.83,0.83,1
18:22:45.277 -0.06,-0.05,0.83,0.83,1
18:22:45.443 -0.06,-0.05,0.83,0.83,1
18:22:45.555 -0.06,-0.06,0.83,0.83,1
18:22:45.674 -0.06,-0.06,0.82,0.83,1
18:22:45.812 -0.06,-0.06,0.83,0.84,1
18:22:45.924 -0.06,-0.06,0.83,0.83,1
18:22:46.049 -0.06,-0.06,0.83,0.84,1
18:22:46.195 -0.06,-0.05,0.83,0.83,0
18:22:46.323 -0.06,-0.06,0.82,0.83,0
18:22:46.460 -0.06,-0.05,0.83,0.83,0
18:22:46.576 -0.06,-0.06,0.83,0.84,0
18:22:46.717 -0.06,-0.06,0.83,0.84,0
18:22:46.844 -0.06,-0.05,0.83,0.83,0
18:22:46.965 -0.06,-0.05,0.83,0.83,0
18:22:47.093 -0.06,-0.06,0.83,0.84,0
18:22:47.221 -0.07,-0.05,0.83,0.83,0
18:22:47.368 -0.06,-0.06,0.82,0.83,0
18:22:47.487 -0.06,-0.06,0.83,0.84,0
18:22:47.605 -0.06,-0.05,0.83,0.84,0
18:22:47.733 -0.06,-0.06,0.83,0.84,0
18:22:47.883 -0.06,-0.05,0.83,0.84,0
18:22:47.991 -0.06,-0.05,0.82,0.83,0
18:22:48.134 -0.06,-0.06,0.83,0.84,0
18:22:48.250 -0.07,-0.11,0.99,1.00,0
18:22:48.395 -0.08,-0.03,0.90,0.91,0
18:22:48.507 -0.11,-0.04,0.91,0.92,0
18:22:48.659 -0.13,-0.06,0.87,0.88,0
18:22:48.779 -0.19,0.03,0.85,0.87,0
18:22:48.888 -0.24,-0.01,0.87,0.90,0
18:22:49.041 -0.30,-0.12,0.82,0.88,0
18:22:49.156 -0.36,0.02,0.85,0.92,0
18:22:49.280 -0.42,0.00,0.77,0.87,0
18:22:49.421 -0.49,0.00,0.67,0.83,0
18:22:49.543 -0.56,-0.05,0.61,0.83,0
18:22:49.681 -0.63,0.01,0.42,0.76,0
18:22:49.803 -0.71,0.06,0.34,0.79,0
18:22:49.926 -0.76,0.03,0.34,0.83,0
18:22:50.058 -0.81,0.02,0.35,0.88,0
18:22:50.174 -0.83,-0.03,0.28,0.88,0
18:22:50.306 -0.85,0.07,0.23,0.89,0
18:22:50.436 -0.87,0.05,0.26,0.91,0
18:22:50.563 -0.89,0.02,0.05,0.89,0
18:22:50.708 -0.90,0.09,0.03,0.90,0
18:22:50.819 -0.92,-0.00,0.20,0.94,0
18:22:50.941 -0.93,-0.06,-0.01,0.93,0
18:22:51.091 -0.93,0.12,0.02,0.93,0
18:22:51.209 -0.91,0.08,-0.09,0.92,0
18:22:51.350 -0.84,-0.01,-0.00,0.84,0
18:22:51.482 -0.97,0.10,-0.02,0.97,0
18:22:51.594 -0.89,0.03,-0.08,0.89,0
18:22:51.726 -0.90,0.00,-0.08,0.90,0
18:22:51.865 -0.94,-0.05,-0.03,0.94,0
18:22:51.987 -0.94,-0.08,0.01,0.94,0
18:22:52.133 -0.94,0.03,-0.11,0.94,0
18:22:52.240 -0.94,-0.06,-0.01,0.94,0
18:22:52.368 -0.94,0.03,-0.06,0.94,0
18:22:52.512 -0.94,0.01,-0.06,0.94,0
18:22:52.629 -0.94,0.01,-0.01,0.94,0
18:22:52.757 -0.94,-0.03,-0.01,0.94,0
18:22:52.908 -0.94,-0.02,-0.03,0.94,0
18:22:53.032 -0.94,0.01,-0.02,0.94,0
18:22:53.159 -0.94,0.00,-0.02,0.94,0
18:22:53.277 -0.94,-0.00,-0.01,0.94,1
18:22:53.411 -0.94,-0.01,-0.02,0.94,1
18:22:53.542 -0.94,-0.00,-0.03,0.94,1
18:22:53.679 -0.94,-0.00,-0.01,0.94,1
18:22:53.800 -0.94,-0.00,-0.08,0.94,1
18:22:53.933 -0.93,0.03,-0.08,0.93,1
18:22:54.054 -0.93,0.02,-0.03,0.93,1
18:22:54.190 -0.91,-0.03,-0.19,0.93,1
18:22:54.332 -0.87,0.02,-0.14,0.88,1
18:22:54.454 -0.78,0.02,-0.17,0.80,1
18:22:54.581 -0.59,0.02,-0.20,0.62,1
18:22:54.714 -0.18,0.01,-0.26,0.32,1
18:22:54.834 0.52,-0.02,-0.27,0.59,1
18:22:54.968 1.16,-0.18,0.02,1.17,1
18:22:55.084 0.70,-1.93,1.78,2.72,1
18:22:55.236 -0.56,1.04,-1.79,2.14,1
18:22:55.342 -0.43,1.92,0.50,2.03,1
18:22:55.482 -0.12,-0.40,-0.69,0.80,1
18:22:55.617 0.01,-0.88,-0.14,0.89,1
18:22:55.733 0.02,-0.93,-0.06,0.93,1
18:22:55.888 0.02,-0.93,-0.09,0.93,1
18:22:56.000 0.02,-0.93,-0.08,0.94,1
18:22:56.127 0.02,-0.93,-0.08,0.93,1
18:22:56.254 0.02,-0.92,-0.08,0.93,1
18:22:56.379 0.02,-0.93,-0.08,0.94,1
18:22:56.514 0.02,-0.92,-0.08,0.93,1
18:22:56.654 0.02,-0.92,-0.08,0.93,1
18:22:56.770 0.02,-0.92,-0.08,0.93,1
18:22:56.905 0.02,-0.92,-0.08,0.92,1
18:22:57.020 0.02,-0.93,-0.09,0.93,1
18:22:57.152 0.02,-0.92,-0.08,0.93,1
18:22:57.294 0.02,-0.93,-0.09,0.93,0
18:22:57.408 0.02,-0.93,-0.09,0.93,0
18:22:57.538 0.02,-0.92,-0.08,0.93,0
18:22:57.673 0.02,-0.92,-0.09,0.93,0
18:22:57.793 0.02,-0.92,-0.08,0.93,0
18:22:57.934 0.02,-0.93,-0.08,0.93,0
18:22:58.059 0.02,-0.93,-0.08,0.93,0
18:22:58.186 0.02,-0.93,-0.08,0.93,0
18:22:58.319 0.02,-0.92,-0.08,0.93,0
18:22:58.438 0.02,-0.92,-0.08,0.93,0
18:22:58.575 0.02,-0.93,-0.08,0.93,0
18:22:58.720 0.04,-1.08,-0.12,1.09,0
18:22:58.832 0.05,-1.42,0.05,1.42,0
18:22:58.970 0.00,-1.12,-0.05,1.12,0
18:22:59.085 -0.11,-1.01,-0.05,1.01,0
18:22:59.235 -0.14,-0.91,-0.01,0.92,0
18:22:59.359 -0.23,-0.78,0.02,0.82,0
18:22:59.473 -0.30,-0.87,0.00,0.92,0
18:22:59.614 -0.36,-0.89,0.02,0.96,0
18:22:59.748 -0.41,-0.89,0.01,0.98,0
18:22:59.864 -0.47,-0.82,-0.05,0.95,0
18:23:00.012 -0.53,-0.80,0.02,0.96,0
18:23:00.122 -0.58,-0.69,0.06,0.90,0
18:23:00.272 -0.64,-0.52,0.04,0.83,0
18:23:00.396 -0.72,-0.43,-0.00,0.84,0
18:23:00.508 -0.78,-0.44,0.14,0.90,0
18:23:00.640 -0.81,-0.26,0.16,0.86,0
18:23:00.801 -0.84,-0.12,0.19,0.87,0
18:23:00.899 -0.88,0.00,0.21,0.90,0
18:23:01.030 -0.90,-0.07,0.03,0.91,0
18:23:01.153 -0.91,-0.02,-0.04,0.91,0
18:23:01.284 -0.92,-0.00,-0.06,0.92,0
18:23:01.421 -0.93,0.15,-0.05,0.95,0
18:23:01.539 -0.93,-0.02,-0.07,0.94,0
18:23:01.674 -0.94,0.03,-0.10,0.94,0
18:23:01.810 -0.94,-0.09,-0.08,0.95,0
18:23:01.931 -0.93,0.06,-0.20,0.96,0
18:23:02.081 -0.94,0.03,-0.10,0.94,0
18:23:02.189 -0.94,-0.06,0.01,0.95,0
18:23:02.332 -0.93,0.15,0.02,0.95,0
18:23:02.447 -0.93,0.10,0.01,0.94,0
18:23:02.583 -0.93,0.01,-0.11,0.94,0
18:23:02.706 -0.94,0.08,-0.09,0.94,0
18:23:02.840 -0.94,0.05,-0.06,0.95,0
18:23:02.987 -0.94,0.05,-0.05,0.94,0
18:23:03.093 -0.94,0.05,-0.05,0.94,0
18:23:03.242 -0.93,0.02,-0.07,0.94,0
18:23:03.352 -0.94,0.03,-0.08,0.95,0
18:23:03.486 -0.94,0.05,-0.07,0.94,0
18:23:03.627 -0.94,0.07,-0.07,0.94,1
18:23:03.751 -0.94,0.04,-0.06,0.94,1
18:23:03.860 -0.94,0.02,-0.08,0.94,1
18:23:03.998 -0.94,0.02,-0.10,0.94,1
18:23:04.133 -0.94,0.03,-0.09,0.95,1
18:23:04.264 -0.94,0.03,-0.13,0.95,1
18:23:04.390 -0.93,0.08,-0.25,0.96,1
18:23:04.510 -0.91,-0.00,-0.11,0.92,1
18:23:04.642 -0.88,0.02,-0.12,0.89,1
18:23:04.773 -0.81,0.01,-0.15,0.82,1
18:23:04.896 -0.65,0.01,-0.20,0.68,1
18:23:05.029 -0.28,-0.04,-0.27,0.39,1
18:23:05.159 0.40,-0.01,-0.25,0.47,1
18:23:05.298 0.90,-0.12,-0.29,0.95,1
18:23:05.440 0.14,-1.93,1.78,2.63,1
18:23:05.555 -0.14,1.92,-1.79,2.63,1
18:23:05.674 1.87,-1.93,-1.79,3.23,1
18:23:05.822 -0.25,1.92,0.41,1.98,1
18:23:05.938 -0.01,-0.01,-1.10,1.10,1
18:23:06.064 -0.01,-0.02,-0.90,0.90,1
18:23:06.193 -0.01,-0.02,-0.90,0.90,1
18:23:06.316 -0.01,-0.02,-0.90,0.90,1
18:23:06.446 -0.01,-0.02,-0.89,0.89,1
18:23:06.582 -0.02,-0.02,-0.90,0.90,1
18:23:06.719 -0.02,-0.02,-0.90,0.90,1
18:23:06.856 -0.02,-0.02,-0.90,0.90,1
18:23:06.986 -0.01,-0.02,-0.90,0.90,1
18:23:07.106 -0.01,-0.02,-0.90,0.90,1
18:23:07.229 -0.02,-0.02,-0.90,0.90,0
18:23:07.358 -0.01,-0.02,-0.90,0.90,0
18:23:07.527 -0.01,-0.02,-0.90,0.90,0
18:23:07.622 -0.01,-0.02,-0.90,0.90,0
18:23:07.757 -0.02,-0.02,-0.90,0.90,0
18:23:07.896 -0.01,-0.03,-0.90,0.91,0
18:23:08.024 -0.02,-0.02,-0.90,0.90,0
18:23:08.153 -0.01,-0.02,-0.90,0.90,0
18:23:08.281 -0.01,-0.02,-0.90,0.90,0
18:23:08.400 -0.01,-0.02,-0.90,0.90,0
18:23:08.545 -0.01,-0.02,-0.90,0.90,0
18:23:08.662 -0.02,-0.02,-0.90,0.90,0
18:23:08.805 -0.01,-0.02,-0.90,0.90,0
18:23:08.926 -0.02,-0.04,-0.90,0.90,0
18:23:09.055 -0.02,-0.05,-1.29,1.29,0
18:23:09.183 -0.05,0.02,-1.04,1.04,0
18:23:09.313 -0.10,0.04,-0.92,0.92,0
18:23:09.444 -0.11,0.00,-0.95,0.95,0
18:23:09.586 -0.14,0.01,-0.90,0.91,0
18:23:09.698 -0.25,0.01,-0.84,0.88,0
18:23:09.854 -0.23,-0.08,-0.89,0.92,0
18:23:09.968 -0.28,-0.10,-0.89,0.94,0
18:23:10.090 -0.36,-0.05,-0.82,0.90,0
18:23:10.220 -0.41,-0.05,-0.74,0.85,0
18:23:10.360 -0.46,-0.04,-0.77,0.90,0
18:23:10.488 -0.53,-0.05,-0.80,0.96,0
18:23:10.607 -0.53,-0.02,-0.72,0.90,0
18:23:10.746 -0.60,-0.05,-0.70,0.92,0
18:23:10.880 -0.65,-0.01,-0.66,0.93,0
18:23:11.039 -0.71,-0.02,-0.53,0.88,0
18:23:11.154 -0.73,-0.03,-0.58,0.93,0
18:23:11.262 -0.76,0.04,-0.53,0.93,0
18:23:11.404 -0.82,0.06,-0.30,0.88,0
18:23:11.514 -0.84,0.05,-0.36,0.91,0
18:23:11.647 -0.86,-0.08,-0.29,0.91,0
18:23:11.789 -0.86,-0.17,-0.42,0.97,0
18:23:11.917 -0.88,-0.07,-0.31,0.94,0
18:23:12.034 -0.90,-0.04,-0.15,0.91,0
18:23:12.170 -0.91,0.00,-0.22,0.94,0
18:23:12.323 -0.91,-0.11,-0.30,0.96,0
18:23:12.430 -0.91,-0.11,-0.17,0.94,0
18:23:12.553 -0.91,-0.07,-0.26,0.95,0
18:23:12.689 -0.93,-0.23,-0.21,0.98,0
18:23:12.818 -0.91,-0.20,-0.20,0.96,0
18:23:12.946 -0.93,-0.05,-0.03,0.93,0
18:23:13.086 -0.93,-0.16,-0.09,0.94,0
18:23:13.214 -0.93,-0.18,-0.15,0.96,0
18:23:13.337 -0.94,-0.06,0.01,0.94,0
18:23:13.474 -0.94,-0.06,-0.10,0.94,0
18:23:13.606 -0.94,-0.01,-0.12,0.95,0
18:23:13.726 -0.93,-0.19,-0.08,0.95,0
18:23:13.857 -0.94,0.00,0.00,0.94,0
18:23:13.983 -0.94,-0.01,-0.19,0.96,0
18:23:14.126 -0.94,0.03,-0.05,0.95,0
18:23:14.260 -0.94,-0.05,-0.08,0.95,0
18:23:14.369 -1.00,-0.08,-0.13,1.01,0
18:23:14.517 -0.89,-0.08,-0.01,0.90,0
18:23:14.628 -0.84,-0.12,-0.05,0.85,0
18:23:14.770 -0.92,-0.17,-0.38,1.01,0
18:23:14.909 -0.94,-0.03,0.02,0.95,0
18:23:15.044 -0.94,-0.05,-0.06,0.95,0
18:23:15.161 -0.95,-0.03,-0.08,0.96,0
18:23:15.281 -0.94,-0.04,-0.03,0.94,0
18:23:15.433 -0.94,-0.09,-0.01,0.94,1
18:23:15.540 -0.94,-0.05,-0.01,0.94,1
18:23:15.695 -0.94,-0.06,-0.02,0.94,1
18:23:15.805 -0.93,-0.07,-0.01,0.94,1
18:23:15.961 -0.94,-0.06,-0.05,0.94,1
18:23:16.069 -0.93,-0.06,-0.06,0.94,1
18:23:16.206 -0.94,-0.07,-0.07,0.94,1
18:23:16.326 -0.92,-0.06,-0.15,0.94,1
18:23:16.473 -0.90,-0.01,-0.13,0.91,1
18:23:16.591 -0.84,-0.02,-0.15,0.85,1
18:23:16.722 -0.71,-0.01,-0.21,0.74,1
18:23:16.849 -0.41,-0.00,-0.24,0.47,1
18:23:16.994 0.18,0.02,-0.29,0.34,1
18:23:17.105 0.73,0.13,-0.29,0.79,1
18:23:17.229 0.73,-0.77,1.78,2.08,1
18:23:17.373 0.06,1.92,-1.79,2.63,1
18:23:17.490 0.27,1.92,1.78,2.64,1
18:23:17.636 0.24,1.92,-1.18,2.27,1
18:23:17.759 0.01,0.98,-0.13,0.99,1
18:23:17.877 0.01,0.94,0.02,0.94,1
18:23:17.999 0.01,0.93,0.05,0.93,1
18:23:18.132 0.01,0.93,0.04,0.93,1
18:23:18.256 0.00,0.94,0.04,0.94,1
18:23:18.397 0.00,0.94,0.04,0.94,1
18:23:18.514 0.00,0.94,0.03,0.94,1
18:23:18.642 0.00,0.93,0.04,0.93,1
18:23:18.761 0.00,0.93,0.04,0.93,0
18:23:18.898 0.01,0.91,0.06,0.92,0
18:23:19.007 0.00,0.93,0.05,0.93,0
18:23:19.154 0.00,0.94,0.04,0.94,0
18:23:19.282 0.01,0.94,0.05,0.94,0
18:23:19.405 0.00,0.93,0.05,0.93,0
18:23:19.527 0.00,0.93,0.03,0.93,0
18:23:19.650 0.00,0.94,0.04,0.94,0
18:23:19.787 0.00,0.94,0.04,0.94,0
18:23:19.923 0.01,0.93,0.05,0.93,0
18:23:20.040 0.01,0.99,0.05,0.99,0
18:23:20.163 0.02,1.33,-0.06,1.33,0
18:23:20.283 0.00,1.13,0.31,1.17,0
18:23:20.410 -0.11,0.99,0.49,1.11,0
18:23:20.538 -0.13,0.81,0.60,1.02,0
18:23:20.679 -0.20,0.53,0.64,0.85,0
18:23:20.817 -0.30,0.50,0.63,0.86,0
18:23:20.941 -0.36,0.39,0.54,0.76,0
18:23:21.053 -0.48,0.27,0.55,0.78,0
18:23:21.180 -0.58,0.14,0.51,0.79,0
18:23:21.316 -0.64,0.14,0.49,0.81,0
18:23:21.430 -0.71,0.05,0.41,0.82,0
18:23:21.561 -0.76,-0.04,0.26,0.80,0
18:23:21.704 -0.81,0.00,0.23,0.84,0
18:23:21.833 -0.84,0.09,0.03,0.85,0
18:23:21.948 -0.89,0.00,-0.01,0.89,0
18:23:22.075 -0.91,0.20,-0.07,0.94,0
18:23:22.219 -0.92,0.11,0.01,0.93,0
18:23:22.330 -0.93,0.07,-0.02,0.93,0
18:23:22.463 -0.93,0.01,-0.04,0.93,0
18:23:22.605 -0.93,0.00,-0.07,0.93,0
18:23:22.716 -0.93,0.04,0.05,0.94,0
18:23:22.874 -0.94,0.10,0.02,0.94,0
18:23:22.992 -0.93,0.08,-0.00,0.94,0
18:23:23.119 -0.94,0.10,0.03,0.95,0
18:23:23.237 -0.94,-0.06,-0.05,0.94,0
18:23:23.375 -0.94,0.06,-0.01,0.94,0
18:23:23.489 -0.94,0.06,0.01,0.94,0
18:23:23.638 -0.93,0.16,-0.02,0.95,0
18:23:23.751 -0.94,0.11,0.01,0.94,0
18:23:23.883 -0.94,0.01,-0.06,0.94,0
18:23:24.018 -0.94,0.01,-0.08,0.95,0
18:23:24.149 -0.94,0.01,-0.01,0.94,0
18:23:24.268 -0.90,0.08,-0.05,0.91,0
18:23:24.400 -0.96,0.02,0.00,0.96,0
18:23:24.529 -0.99,-0.12,-0.10,1.01,0
18:23:24.659 -0.94,-0.00,-0.08,0.94,0
18:23:24.779 -0.94,0.03,-0.05,0.94,0
18:23:24.912 -0.93,0.08,0.00,0.94,0
18:23:25.044 -0.94,0.01,-0.01,0.94,0
18:23:25.195 -0.94,0.00,0.00,0.94,0
18:23:25.298 -0.94,-0.03,-0.01,0.94,0
18:23:25.435 -0.94,-0.02,-0.01,0.94,1
18:23:25.573 -0.94,0.00,-0.04,0.94,1
18:23:25.696 -0.94,-0.01,-0.03,0.95,1
18:23:25.837 -0.94,-0.02,-0.01,0.94,1
18:23:25.958 -0.94,-0.00,-0.02,0.94,1
18:23:26.077 -0.94,0.02,-0.04,0.94,1
18:23:26.221 -0.94,0.02,-0.08,0.94,1
18:23:26.330 -0.93,-0.00,-0.12,0.94,1
18:23:26.477 -0.91,0.06,-0.20,0.93,1
18:23:26.592 -0.89,0.02,-0.13,0.90,1
18:23:26.719 -0.81,0.03,-0.16,0.83,1
18:23:26.861 -0.66,0.02,-0.32,0.73,1
18:23:26.989 -0.25,-0.02,-0.25,0.36,1
18:23:27.115 0.44,-0.01,-0.30,0.53,1
18:23:27.258 1.02,-0.18,-0.12,1.04,1
18:23:27.376 0.93,1.92,1.78,2.78,1
18:23:27.513 0.06,-1.93,1.78,2.63,1
18:23:27.629 -1.93,-1.93,1.78,3.26,1
18:23:27.762 -0.05,0.91,0.75,1.18,1
18:23:27.889 -0.05,0.28,0.98,1.02,1
18:23:28.018 -0.05,0.01,0.85,0.85,1
18:23:28.147 -0.06,-0.08,0.83,0.83,1
18:23:28.274 -0.06,-0.05,0.83,0.83,1
18:23:28.395 -0.05,-0.06,0.83,0.83,1
18:23:28.519 -0.05,-0.07,0.83,0.83,1
18:23:28.653 -0.05,-0.06,0.83,0.84,1
18:23:28.800 -0.06,-0.06,0.83,0.84,1
18:23:28.908 -0.06,-0.06,0.83,0.83,0
18:23:29.041 -0.06,-0.07,0.83,0.83,0
18:23:29.186 -0.05,-0.06,0.83,0.83,0
18:23:29.294 -0.05,-0.06,0.83,0.84,0
18:23:29.455 -0.05,-0.07,0.83,0.83,0
18:23:29.558 -0.06,-0.06,0.83,0.83,0
18:23:29.690 -0.06,-0.06,0.83,0.83,0
18:23:29.819 -0.05,-0.05,0.83,0.83,0
18:23:29.945 -0.05,-0.06,0.83,0.83,0
18:23:30.073 -0.06,-0.06,0.83,0.83,0
18:23:30.244 -0.05,-0.07,0.84,0.84,0
18:23:30.333 -0.05,0.01,0.79,0.79,0
18:23:30.465 -0.06,-0.10,0.94,0.95,0
18:23:30.596 -0.07,0.02,0.96,0.97,0
18:23:30.711 -0.24,-0.00,0.97,1.00,0
18:23:30.841 -0.12,-0.09,0.90,0.91,0
18:23:30.971 -0.18,-0.03,0.97,0.99,0
18:23:31.123 -0.31,-0.11,0.90,0.96,0
18:23:31.247 -0.36,-0.02,0.69,0.78,0
18:23:31.368 -0.38,0.02,0.75,0.85,0
18:23:31.521 -0.47,-0.01,0.75,0.89,0
18:23:31.622 -0.54,0.00,0.71,0.89,0
18:23:31.753 -0.60,-0.02,0.58,0.84,0
18:23:31.890 -0.67,-0.10,0.47,0.83,0
18:23:32.019 -0.72,0.03,0.32,0.79,0
18:23:32.134 -0.78,-0.03,0.29,0.83,0
18:23:32.271 -0.83,0.06,0.16,0.84,0
18:23:32.394 -0.87,-0.10,0.14,0.88,0
18:23:32.532 -0.88,0.03,0.15,0.90,0
18:23:32.650 -0.90,-0.04,0.11,0.91,0
18:23:32.801 -0.91,-0.01,0.12,0.92,0
18:23:32.919 -0.92,0.09,0.05,0.92,0
18:23:33.055 -0.93,0.21,0.02,0.95,0
18:23:33.182 -0.93,-0.07,-0.04,0.94,0
18:23:33.297 -0.94,-0.02,0.04,0.94,0
18:23:33.426 -0.94,-0.05,0.14,0.95,0
18:23:33.552 -0.94,-0.03,0.03,0.94,0
18:23:33.677 -0.94,0.06,0.01,0.95,0
18:23:33.823 -0.94,0.01,0.02,0.95,0
18:23:33.942 -0.94,0.04,0.01,0.94,0
18:23:34.081 -0.94,0.03,0.01,0.95,0
18:23:34.200 -0.94,-0.01,0.00,0.94,0
18:23:34.333 -0.94,0.05,-0.01,0.94,0
18:23:34.465 -0.94,0.06,-0.02,0.94,1
18:23:34.598 -0.94,0.04,-0.02,0.94,1
18:23:34.702 -0.94,0.01,-0.01,0.94,1
18:23:34.836 -0.94,0.03,-0.01,0.94,1
18:23:34.974 -0.94,0.02,-0.05,0.94,1
18:23:35.107 -0.94,0.06,-0.12,0.95,1
18:23:35.230 -0.93,0.06,-0.22,0.95,1
18:23:35.365 -0.89,0.03,-0.09,0.90,1
18:23:35.476 -0.83,0.02,-0.15,0.85,1
18:23:35.616 -0.71,0.03,-0.19,0.74,1
18:23:35.744 -0.41,-0.02,-0.22,0.47,1
18:23:35.878 0.25,0.01,-0.28,0.38,1
18:23:36.010 0.80,-0.01,-0.23,0.83,1
18:23:36.130 0.03,1.34,1.78,2.23,1
18:23:36.257 -0.03,1.47,-1.79,2.32,1
18:23:36.379 0.10,-1.93,1.78,2.63,1
18:23:36.520 -0.15,-0.97,-0.76,1.24,1
18:23:36.641 -0.03,0.25,-0.01,0.25,1
18:23:36.779 0.01,1.05,0.03,1.05,1
18:23:36.897 0.00,0.92,0.05,0.92,1
18:23:37.035 0.01,0.93,0.05,0.93,1
18:23:37.167 0.00,0.94,0.05,0.94,1
18:23:37.284 0.00,0.93,0.05,0.93,1
18:23:37.403 0.00,0.94,0.04,0.94,1
18:23:37.531 0.00,0.93,0.04,0.93,1
18:23:37.664 0.00,0.93,0.05,0.93,1
18:23:37.801 0.01,0.93,0.05,0.93,1
18:23:37.922 0.00,0.93,0.05,0.93,0
18:23:38.037 0.00,0.94,0.05,0.94,0
18:23:38.170 0.00,0.93,0.05,0.93,0
18:23:38.299 0.00,0.94,0.05,0.94,0
18:23:38.423 0.00,0.93,0.05,0.93,0
18:23:38.556 0.00,0.94,0.05,0.94,0
18:23:38.676 0.00,0.93,0.05,0.93,0
18:23:38.810 0.01,0.93,0.05,0.93,0
18:23:38.930 0.01,0.93,0.04,0.93,0
18:23:39.046 0.00,0.93,0.04,0.93,0
18:23:39.204 0.00,0.94,0.05,0.94,0
18:23:39.319 0.00,0.94,0.05,0.94,0
18:23:39.435 0.01,0.94,0.04,0.94,0
18:23:39.567 0.00,0.93,0.05,0.93,0
18:23:39.706 0.00,0.94,0.05,0.94,0
18:23:39.813 0.01,0.93,0.05,0.93,0
18:23:39.939 0.00,0.93,0.05,0.93,0
18:23:40.068 0.00,0.93,0.04,0.93,0
18:23:40.189 0.00,0.94,0.05,0.94,0
18:23:40.324 0.00,0.94,0.05,0.94,0
18:23:40.480 0.01,0.92,0.05,0.93,0
18:23:40.580 0.00,0.92,0.05,0.93,0
18:23:40.719 0.00,0.94,0.04,0.94,0
18:23:40.835 0.00,0.93,0.04,0.93,0
18:23:40.956 0.00,0.93,0.05,0.93,0
18:23:41.083 0.00,0.93,0.05,0.93,0
18:23:41.214 0.03,1.43,0.11,1.44,0
18:23:41.347 -0.01,1.11,0.35,1.16,0
18:23:41.471 -0.06,0.94,0.36,1.00,0
18:23:41.589 -0.18,0.78,0.46,0.92,0
18:23:41.761 -0.21,0.75,0.48,0.91,0
18:23:41.850 -0.28,0.71,0.54,0.94,0
18:23:42.000 -0.29,0.53,0.58,0.84,0
18:23:42.108 -0.38,0.46,0.56,0.82,0
18:23:42.251 -0.49,0.22,0.62,0.82,0
18:23:42.366 -0.55,0.24,0.68,0.91,0
18:23:42.504 -0.61,0.09,0.64,0.89,0
18:23:42.620 -0.65,0.10,0.45,0.80,0
18:23:42.759 -0.72,0.04,0.28,0.77,0
18:23:42.878 -0.79,0.08,0.19,0.81,0
18:23:43.041 -0.83,0.20,0.20,0.87,0
18:23:43.130 -0.87,0.08,0.07,0.88,0
18:23:43.259 -0.88,0.05,0.12,0.89,0
18:23:43.390 -0.91,0.01,0.07,0.91,0
18:23:43.509 -0.91,0.07,-0.05,0.91,0
18:23:43.652 -0.92,0.15,-0.02,0.93,0
18:23:43.770 -0.93,0.10,-0.09,0.94,0
18:23:43.910 -0.94,0.00,-0.06,0.95,0
18:23:44.031 -0.94,0.02,-0.02,0.94,0
18:23:44.161 -0.94,-0.04,-0.01,0.94,0
18:23:44.325 -0.94,0.01,0.02,0.94,0
18:23:44.422 -0.94,0.04,0.01,0.94,0
18:23:44.542 -0.94,0.02,-0.02,0.94,0
18:23:44.674 -0.94,-0.07,-0.01,0.94,0
18:23:44.817 -0.94,-0.02,-0.03,0.95,0
18:23:44.951 -0.94,0.00,-0.00,0.94,0
18:23:45.069 -0.94,0.03,-0.02,0.94,0
18:23:45.200 -0.93,0.07,-0.03,0.94,0
18:23:45.317 -0.94,0.06,-0.03,0.94,0
18:23:45.466 -0.94,0.00,-0.04,0.94,1
18:23:45.580 -0.94,0.02,-0.06,0.94,1
18:23:45.721 -0.94,0.02,-0.07,0.94,1
18:23:45.848 -0.94,0.02,-0.09,0.94,1
18:23:45.969 -0.91,0.02,-0.18,0.93,1
18:23:46.104 -0.91,0.03,-0.10,0.92,1
18:23:46.232 -0.87,0.02,-0.13,0.88,1
18:23:46.365 -0.80,0.02,-0.16,0.81,1
18:23:46.496 -0.62,0.15,-0.15,0.66,1
18:23:46.610 -0.24,-0.02,-0.26,0.36,1
18:23:46.739 0.47,0.00,-0.35,0.59,1
18:23:46.885 0.98,-0.08,-0.30,1.03,1
18:23:47.005 -0.07,0.82,-0.70,1.08,1
18:23:47.140 0.47,-0.06,1.78,1.85,1
18:23:47.252 0.07,1.70,1.78,2.46,1
18:23:47.392 -0.04,0.50,0.15,0.52,1
18:23:47.506 0.02,-0.88,-0.06,0.89,1
18:23:47.661 0.02,-0.92,-0.08,0.92,1
18:23:47.777 0.02,-0.92,-0.08,0.92,1
18:23:47.919 0.02,-0.92,-0.09,0.93,1
18:23:48.032 0.02,-0.92,-0.10,0.93,1
18:23:48.162 0.02,-0.92,-0.10,0.93,1
18:23:48.296 0.02,-0.92,-0.10,0.93,1
18:23:48.432 0.02,-0.92,-0.10,0.93,0
18:23:48.555 0.02,-0.92,-0.11,0.93,0
18:23:48.684 0.02,-0.92,-0.11,0.93,0
18:23:48.810 0.02,-0.92,-0.10,0.93,0
18:23:48.939 0.02,-0.92,-0.10,0.93,0
18:23:49.062 0.02,-0.92,-0.10,0.93,0
18:23:49.199 0.02,-0.92,-0.10,0.93,0
18:23:49.325 0.02,-0.92,-0.10,0.93,0
18:23:49.442 0.02,-0.92,-0.10,0.93,0
18:23:49.576 0.03,-0.92,-0.10,0.93,0
18:23:49.707 0.02,-0.93,-0.10,0.93,0
18:23:49.860 0.02,-0.92,-0.10,0.93,0
18:23:49.972 0.02,-0.92,-0.11,0.93,0
18:23:50.089 0.02,-0.92,-0.10,0.92,0
18:23:50.218 0.02,-0.93,-0.08,0.94,0
18:23:50.347 0.03,-1.16,-0.14,1.17,0
18:23:50.501 -0.00,-1.07,-0.02,1.07,0
18:23:50.618 -0.07,-0.96,-0.08,0.96,0
18:23:50.762 -0.20,-0.88,-0.18,0.92,0
18:23:50.866 -0.24,-0.86,-0.17,0.91,0
18:23:51.004 -0.30,-0.91,-0.10,0.96,0
18:23:51.137 -0.36,-0.93,-0.10,1.00,0
18:23:51.262 -0.41,-0.90,-0.02,0.99,0
18:23:51.396 -0.47,-0.86,-0.14,0.99,0
18:23:51.519 -0.52,-0.70,-0.08,0.87,0
18:23:51.662 -0.59,-0.54,-0.09,0.81,0
18:23:51.789 -0.70,-0.35,-0.08,0.78,0
18:23:51.908 -0.76,-0.35,-0.01,0.84,0
18:23:52.040 -0.81,-0.37,-0.10,0.89,0
18:23:52.206 -0.84,-0.27,-0.16,0.90,0
18:23:52.294 -0.88,-0.14,-0.08,0.89,0
18:23:52.441 -0.89,-0.31,-0.05,0.94,0
18:23:52.555 -0.89,-0.25,-0.05,0.93,0
18:23:52.690 -0.91,-0.15,-0.08,0.92,0
18:23:52.817 -0.91,-0.05,-0.05,0.92,0
18:23:52.970 -0.93,0.18,-0.20,0.97,0
18:23:53.089 -0.94,-0.14,-0.08,0.95,0
18:23:53.224 -0.93,0.17,-0.16,0.96,0
18:23:53.354 -0.93,0.03,-0.19,0.95,0
18:23:53.488 -0.94,-0.02,-0.17,0.95,0
18:23:53.606 -0.84,-0.02,-0.18,0.86,0
18:23:53.737 -1.05,-0.05,-1.79,2.07,0
18:23:53.869 -0.94,0.03,-0.11,0.94,0
18:23:54.002 -0.94,0.01,-0.14,0.95,0
18:23:54.123 -0.94,0.03,-0.16,0.95,0
18:23:54.275 -0.95,-0.01,0.01,0.95,0
18:23:54.392 -0.94,0.00,-0.00,0.94,0
18:23:54.562 -0.94,0.03,-0.19,0.96,0
18:23:54.640 -0.94,0.05,-0.13,0.95,0
18:23:54.775 -0.94,-0.02,-0.10,0.95,1
18:23:54.890 -0.94,0.02,-0.08,0.95,1
18:23:55.037 -0.94,-0.00,-0.12,0.95,1
18:23:55.173 -0.94,-0.02,-0.09,0.95,1
18:23:55.280 -0.93,-0.03,-0.14,0.94,1
18:23:55.413 -0.93,-0.02,-0.17,0.95,1
18:23:55.545 -0.93,0.01,-0.10,0.93,1
18:23:55.667 -0.91,0.04,-0.11,0.92,1
18:23:55.815 -0.88,0.00,-0.05,0.88,1
18:23:55.920 -0.81,-0.02,-0.20,0.83,1
18:23:56.056 -0.62,0.00,-0.21,0.65,1
18:23:56.192 -0.21,0.01,-0.27,0.34,1
18:23:56.317 0.47,-0.00,-0.25,0.54,1
18:23:56.469 0.96,-0.02,-0.40,1.04,1
18:23:56.572 0.40,-1.93,1.78,2.65,1
18:23:56.712 -1.64,1.92,-1.79,3.10,1
18:23:56.829 -0.11,-0.65,-0.40,0.78,1
18:23:56.969 -0.01,0.45,0.75,0.88,1
18:23:57.121 -0.05,0.39,0.89,0.98,1
18:23:57.237 -0.06,-0.06,0.82,0.82,1
18:23:57.371 -0.06,-0.05,0.83,0.84,1
18:23:57.481 -0.06,-0.04,0.83,0.83,1
18:23:57.613 -0.06,-0.04,0.83,0.83,1
18:23:57.750 -0.06,-0.05,0.83,0.83,1
18:23:57.874 -0.06,-0.04,0.83,0.83,1
18:23:57.995 -0.06,-0.05,0.83,0.84,1
18:23:58.119 -0.06,-0.03,0.83,0.83,0
18:23:58.252 -0.06,-0.05,0.83,0.83,0
18:23:58.401 -0.06,-0.04,0.83,0.83,0
18:23:58.505 -0.06,-0.04,0.83,0.83,0
18:23:58.655 -0.06,-0.05,0.83,0.83,0
18:23:58.787 -0.06,-0.05,0.83,0.83,0
18:23:58.897 -0.06,-0.04,0.83,0.83,0
18:23:59.021 -0.06,-0.05,0.83,0.83,0
18:23:59.155 -0.06,-0.05,0.83,0.84,0
18:23:59.283 -0.05,-0.05,0.83,0.84,0
18:23:59.435 -0.06,-0.04,0.83,0.83,0
18:23:59.541 -0.06,-0.04,0.83,0.84,0
18:23:59.682 -0.06,-0.05,0.90,0.91,0
18:23:59.802 -0.06,-0.08,1.11,1.11,0
18:23:59.936 -0.08,-0.08,0.98,0.99,0
18:24:00.052 -0.12,-0.11,0.93,0.94,0
18:24:00.201 -0.17,0.02,0.80,0.82,0
18:24:00.327 -0.25,-0.03,0.78,0.81,0
18:24:00.443 -0.29,-0.07,0.77,0.83,0
18:24:00.585 -0.33,0.01,0.76,0.83,0
18:24:00.705 -0.46,-0.10,0.56,0.73,0
18:24:00.841 -0.52,-0.09,0.62,0.81,0
18:24:00.964 -0.58,-0.09,0.57,0.82,0
18:24:01.096 -0.61,-0.03,0.56,0.83,0
18:24:01.213 -0.67,-0.04,0.54,0.87,0
18:24:01.348 -0.75,0.02,0.31,0.81,0
18:24:01.482 -0.76,-0.08,0.41,0.86,0
18:24:01.609 -0.81,-0.05,0.20,0.83,0
18:24:01.747 -0.85,0.05,0.15,0.86,0
18:24:01.867 -0.88,0.04,0.22,0.91,0
18:24:01.998 -0.90,-0.09,0.05,0.91,0
18:24:02.126 -0.91,0.12,-0.03,0.92,0
18:24:02.241 -0.92,0.05,0.09,0.93,0
18:24:02.396 -0.93,0.14,0.00,0.94,0
18:24:02.496 -0.93,0.06,-0.09,0.94,0
18:24:02.628 -0.93,0.10,0.07,0.94,0
18:24:02.759 -0.94,-0.05,0.04,0.94,0
18:24:02.883 -0.93,0.08,0.10,0.94,0
18:24:03.015 -0.93,0.09,0.05,0.94,0
18:24:03.158 -0.93,0.09,-0.02,0.94,0
18:24:03.287 -0.93,0.07,-0.01,0.94,0
18:24:03.405 -0.94,0.03,0.04,0.94,0
18:24:03.544 -0.94,0.04,-0.03,0.94,0
18:24:03.671 -0.94,0.05,-0.05,0.94,0
18:24:03.809 -0.95,0.06,-0.06,0.96,0
18:24:03.927 -0.97,0.05,-0.04,0.97,0
18:24:04.053 -0.94,0.02,-0.01,0.94,0
18:24:04.180 -0.91,0.00,-0.04,0.92,0
18:24:04.303 -0.94,0.03,0.06,0.94,0
18:24:04.438 -0.94,0.00,-0.03,0.94,0
18:24:04.569 -0.94,0.03,-0.06,0.94,0
18:24:04.702 -0.94,0.01,-0.05,0.94,1
18:24:04.823 -0.94,0.03,-0.01,0.94,1
18:24:04.945 -0.94,0.00,-0.02,0.94,1
18:24:05.095 -0.94,0.01,-0.02,0.94,1
18:24:05.216 -0.94,0.02,-0.03,0.94,1
18:24:05.343 -0.94,0.03,-0.05,0.94,1
18:24:05.466 -0.94,0.02,-0.08,0.94,1
18:24:05.590 -0.93,0.02,-0.09,0.93,1
18:24:05.718 -0.91,0.00,-0.11,0.91,1
18:24:05.866 -0.87,0.02,-0.13,0.88,1
18:24:05.976 -0.76,0.02,-0.18,0.79,1
18:24:06.122 -0.57,0.01,-0.23,0.62,1
18:24:06.257 -0.11,0.00,-0.27,0.29,1
18:24:06.365 0.59,-0.01,-0.23,0.64,1
18:24:06.495 1.34,0.05,1.78,2.23,1
18:24:06.624 0.60,1.36,1.78,2.33,1
18:24:06.751 0.23,-1.93,1.78,2.64,1
18:24:06.895 0.46,0.60,1.78,1.94,1
18:24:07.020 -0.00,0.84,1.78,1.97,1
18:24:07.151 -0.03,0.89,1.04,1.37,1
18:24:07.272 -0.05,0.03,0.84,0.84,1
18:24:07.402 -0.05,-0.01,0.85,0.85,1
18:24:07.518 -0.05,-0.05,0.83,0.83,1
18:24:07.658 -0.06,-0.03,0.83,0.83,1
18:24:07.792 -0.05,-0.04,0.83,0.84,1
18:24:07.901 -0.05,-0.04,0.83,0.83,1
18:24:08.038 -0.06,-0.04,0.83,0.83,1
18:24:08.178 -0.05,-0.04,0.83,0.83,1
18:24:08.293 -0.05,-0.04,0.82,0.83,1
18:24:08.422 -0.05,-0.04,0.83,0.84,1
18:24:08.556 -0.05,-0.04,0.82,0.83,0
18:24:08.686 -0.06,-0.04,0.83,0.84,0
18:24:08.827 -0.06,-0.04,0.83,0.83,0
18:24:08.953 -0.06,-0.03,0.83,0.83,0
18:24:09.076 -0.06,-0.04,0.83,0.83,0
18:24:09.209 -0.05,-0.05,0.82,0.83,0
18:24:09.337 -0.05,-0.04,0.82,0.83,0
18:24:09.458 -0.05,-0.04,0.83,0.84,0
18:24:09.600 -0.06,-0.03,0.83,0.83,0
18:24:09.719 -0.06,-0.04,0.83,0.83,0
18:24:09.846 -0.05,-0.05,0.83,0.84,0
18:24:09.966 -0.06,-0.03,0.87,0.88,0
18:24:10.109 -0.07,-0.03,1.16,1.16,0
18:24:10.230 -0.08,-0.06,1.14,1.14,0
18:24:10.378 -0.16,-0.15,0.99,1.01,0
18:24:10.495 -0.28,0.06,0.83,0.88,0
18:24:10.615 -0.27,0.06,0.67,0.73,0
18:24:10.744 -0.34,0.04,0.62,0.71,0
18:24:10.881 -0.52,-0.05,0.60,0.79,0
18:24:11.014 -0.59,-0.02,0.57,0.82,0
18:24:11.141 -0.68,-0.04,0.44,0.81,0
18:24:11.270 -0.74,0.03,0.17,0.76,0
18:24:11.380 -0.82,0.05,0.13,0.84,0
18:24:11.521 -0.87,0.02,0.16,0.88,0
18:24:11.654 -0.89,-0.01,0.18,0.91,0
18:24:11.784 -0.90,0.02,0.12,0.91,0
18:24:11.898 -0.91,0.01,0.14,0.92,0
18:24:12.040 -0.91,-0.02,0.10,0.92,0
18:24:12.157 -0.93,-0.04,0.17,0.94,0
18:24:12.285 -0.92,0.08,0.00,0.92,0
18:24:12.427 -0.93,0.05,-0.05,0.93,0
18:24:12.560 -0.94,0.04,-0.02,0.94,0
18:24:12.674 -0.94,-0.05,-0.07,0.95,0
18:24:12.817 -0.94,0.00,-0.00,0.94,0
18:24:12.934 -0.94,0.02,-0.01,0.94,0
18:24:13.075 -0.94,0.03,0.02,0.94,0
18:24:13.198 -0.94,-0.04,-0.03,0.94,0
18:24:13.326 -0.94,0.02,-0.07,0.94,0
18:24:13.456 -0.94,0.05,-0.01,0.94,0
18:24:13.573 -0.94,0.04,-0.01,0.94,0
18:24:13.703 -0.94,0.02,-0.03,0.94,0
18:24:13.837 -0.94,0.01,-0.02,0.94,0
18:24:13.977 -0.94,0.07,0.05,0.94,0
18:24:14.097 -0.94,0.15,0.02,0.95,0
18:24:14.225 -0.94,0.00,-0.09,0.94,0
18:24:14.354 -0.96,0.01,-0.07,0.97,0
18:24:14.492 -0.94,0.02,-0.07,0.95,0
18:24:14.622 -0.88,0.02,-0.07,0.88,0
18:24:14.762 -0.92,0.00,-0.07,0.92,0
18:24:14.875 -0.94,0.00,-0.09,0.94,0
18:24:15.044 -0.94,0.00,-0.07,0.94,0
18:24:15.139 -0.94,0.06,-0.06,0.94,1
18:24:15.249 -0.94,-0.01,-0.04,0.95,1
18:24:15.379 -0.94,0.00,-0.05,0.95,1
18:24:15.512 -0.94,0.02,-0.04,0.94,1
18:24:15.646 -0.94,0.00,-0.04,0.94,1
18:24:15.780 -0.94,0.00,-0.06,0.94,1
18:24:15.893 -0.94,0.03,-0.03,0.94,1
18:24:16.035 -0.94,-0.00,-0.05,0.94,1
18:24:16.177 -0.94,0.03,-0.05,0.94,1
18:24:16.309 -0.93,0.03,-0.02,0.93,1
18:24:16.420 -0.93,0.00,-0.06,0.93,1
18:24:16.561 -0.91,0.00,-0.13,0.92,1
18:24:16.672 -0.87,0.01,-0.15,0.89,1
18:24:16.810 -0.77,0.02,-0.17,0.79,1
18:24:16.956 -0.58,0.03,-0.23,0.62,1
18:24:17.081 -0.08,-0.02,-0.26,0.27,1
18:24:17.197 0.59,-0.01,-0.25,0.64,1
18:24:17.333 1.92,1.92,1.78,3.25,1
18:24:17.455 0.37,1.92,1.78,2.65,1
18:24:17.602 0.24,1.92,1.78,2.63,1
18:24:17.709 -0.15,-1.81,1.52,2.37,1
18:24:17.843 -0.04,0.20,1.00,1.02,1
18:24:17.966 -0.06,-0.13,0.83,0.84,1
18:24:18.080 -0.06,-0.06,0.82,0.83,1
18:24:18.218 -0.05,-0.08,0.83,0.84,1
18:24:18.359 -0.06,-0.06,0.83,0.84,1
18:24:18.477 -0.05,-0.08,0.83,0.83,1
18:24:18.623 -0.06,-0.07,0.83,0.84,1
18:24:18.734 -0.05,-0.07,0.83,0.83,1
18:24:18.884 -0.05,-0.07,0.83,0.84,1
18:24:18.998 -0.05,-0.08,0.83,0.84,1
18:24:19.144 -0.06,-0.08,0.83,0.84,0
18:24:19.247 -0.06,-0.07,0.82,0.83,0
18:24:19.378 -0.06,-0.06,0.83,0.84,0
18:24:19.517 -0.06,-0.07,0.83,0.83,0
18:24:19.647 -0.05,-0.07,0.83,0.84,0
18:24:19.760 -0.05,-0.07,0.83,0.83,0
18:24:19.890 -0.06,-0.07,0.83,0.83,0
18:24:20.029 -0.05,-0.07,0.83,0.84,0
18:24:20.163 -0.05,-0.07,0.83,0.83,0
18:24:20.288 -0.06,-0.07,0.83,0.83,0
18:24:20.415 -0.05,-0.06,0.83,0.83,0
18:24:20.541 -0.05,-0.06,0.83,0.84,0
18:24:20.670 -0.05,-0.07,0.83,0.83,0
18:24:20.812 -0.05,-0.09,0.81,0.82,0
18:24:20.925 -0.05,-0.07,0.95,0.96,0
18:24:21.054 -0.04,-0.06,0.92,0.92,0
18:24:21.192 -0.10,-0.06,0.96,0.96,0
18:24:21.332 -0.16,-0.11,0.90,0.92,0
18:24:21.445 -0.16,-0.03,0.88,0.90,0
18:24:21.575 -0.21,-0.00,0.82,0.84,0
18:24:21.706 -0.24,0.03,0.82,0.85,0
18:24:21.822 -0.32,-0.05,0.83,0.89,0
18:24:21.967 -0.40,-0.02,0.71,0.81,0
18:24:22.098 -0.48,-0.03,0.74,0.88,0
18:24:22.208 -0.49,0.00,0.68,0.83,0
18:24:22.340 -0.56,0.01,0.66,0.87,0
18:24:22.470 -0.62,0.05,0.65,0.89,0
18:24:22.613 -0.67,0.01,0.52,0.84,0
18:24:22.748 -0.73,-0.06,0.29,0.79,0
18:24:22.861 -0.78,0.10,0.28,0.83,0
18:24:22.980 -0.83,0.08,0.27,0.88,0
18:24:23.114 -0.85,-0.05,0.21,0.88,0
18:24:23.242 -0.87,0.05,0.19,0.89,0
18:24:23.363 -0.90,-0.01,0.17,0.92,0
18:24:23.501 -0.91,0.05,0.09,0.91,0
18:24:23.637 -0.92,0.04,0.12,0.93,0
18:24:23.768 -0.93,-0.04,-0.00,0.93,0
18:24:23.895 -0.93,0.04,-0.02,0.93,0
18:24:24.023 -0.93,0.08,0.02,0.93,0
18:24:24.141 -0.93,0.17,0.01,0.94,0
18:24:24.274 -0.94,0.14,-0.09,0.95,0
18:24:24.406 -0.94,-0.02,0.02,0.94,0
18:24:24.524 -0.93,0.10,-0.02,0.94,0
18:24:24.674 -0.94,0.08,0.04,0.94,0
18:24:24.800 -0.94,0.03,-0.03,0.94,0
18:24:24.921 -0.94,-0.00,0.03,0.95,0
18:24:25.044 -0.94,-0.03,0.02,0.94,0
18:24:25.172 -0.94,-0.00,0.10,0.95,0
18:24:25.302 -0.94,0.06,0.01,0.94,0
18:24:25.432 -0.95,0.02,-0.08,0.95,0
18:24:25.573 -0.97,0.09,-0.05,0.98,0
18:24:25.698 -0.87,0.01,-0.08,0.87,0
18:24:25.812 -0.92,0.05,-0.02,0.92,0
18:24:25.942 -1.19,-0.55,0.38,1.36,0
18:24:26.081 -0.94,-0.03,-0.03,0.94,0
18:24:26.215 -0.94,0.01,-0.02,0.94,0
18:24:26.334 -0.94,0.00,-0.01,0.94,1
18:24:26.476 -0.94,0.00,-0.02,0.95,1
18:24:26.603 -0.94,-0.00,-0.01,0.94,1
18:24:26.726 -0.94,0.03,-0.06,0.94,1
18:24:26.846 -0.94,0.00,-0.04,0.94,1
18:24:26.972 -0.94,-0.03,-0.07,0.94,1
18:24:27.106 -0.93,0.02,-0.15,0.95,1
18:24:27.247 -0.91,0.09,-0.16,0.93,1
18:24:27.368 -0.88,0.04,-0.11,0.89,1
18:24:27.495 -0.79,0.02,-0.14,0.81,1
18:24:27.633 -0.61,0.03,-0.21,0.64,1
18:24:27.751 -0.27,0.01,-0.24,0.37,1
18:24:27.896 0.46,-0.00,-0.27,0.54,1
18:24:28.016 0.94,0.07,-0.23,0.97,1
18:24:28.136 0.58,-1.93,1.78,2.69,1
18:24:28.280 -0.47,-1.93,-1.79,2.67,1
18:24:28.398 0.86,-0.75,1.78,2.12,1
18:24:28.523 -0.04,-0.89,0.73,1.16,1
18:24:28.656 -0.03,-0.57,0.58,0.81,1
18:24:28.780 0.02,-1.18,-0.12,1.18,1
18:24:28.922 0.00,-0.85,0.10,0.85,1
18:24:29.048 0.00,-0.91,0.01,0.91,1
18:24:29.167 0.00,-0.94,-0.02,0.94,1
18:24:29.314 0.00,-0.92,-0.01,0.93,1
18:24:29.440 0.00,-0.93,-0.02,0.93,1
18:24:29.564 0.01,-0.93,-0.02,0.93,1
18:24:29.688 0.00,-0.92,-0.02,0.93,0
18:24:29.820 0.00,-0.92,-0.02,0.93,0
18:24:29.953 0.01,-0.93,-0.03,0.93,0
18:24:30.073 0.00,-0.92,-0.02,0.93,0
18:24:30.198 0.00,-0.93,-0.03,0.93,0
18:24:30.337 0.01,-0.93,-0.03,0.93,0
18:24:30.463 0.00,-0.92,-0.02,0.92,0
18:24:30.599 0.01,-0.93,-0.02,0.93,0
18:24:30.723 0.00,-0.92,-0.02,0.93,0
18:24:30.859 0.01,-0.92,-0.02,0.93,0
18:24:30.987 0.01,-0.93,-0.02,0.93,0
18:24:31.104 0.00,-0.92,-0.02,0.93,0
18:24:31.247 0.00,-0.93,-0.02,0.93,0
18:24:31.383 0.00,-0.93,-0.02,0.93,0
18:24:31.497 0.01,-0.92,-0.02,0.93,0
18:24:31.685 0.01,-0.96,-0.02,0.96,0
18:24:31.756 -0.02,-1.05,-0.06,1.05,0
18:24:31.890 -0.02,-1.03,-0.05,1.04,0
18:24:32.005 -0.12,-1.07,-0.05,1.08,0
18:24:32.154 -0.12,-0.98,-0.06,0.99,0
18:24:32.297 -0.20,-0.88,-0.01,0.90,0
18:24:32.406 -0.30,-0.81,-0.07,0.87,0
18:24:32.534 -0.35,-0.88,-0.10,0.95,0
18:24:32.683 -0.41,-0.91,-0.12,1.01,0
18:24:32.791 -0.47,-0.91,-0.01,1.03,0
18:24:32.963 -0.53,-0.73,0.02,0.90,0
18:24:33.088 -0.59,-0.65,-0.02,0.87,0
18:24:33.178 -0.66,-0.54,0.04,0.85,0
18:24:33.310 -0.72,-0.49,0.16,0.89,0
18:24:33.452 -0.77,-0.34,0.05,0.84,0
18:24:33.573 -0.82,-0.22,-0.03,0.85,0
18:24:33.722 -0.87,-0.17,0.06,0.89,0
18:24:33.823 -0.90,-0.23,-0.02,0.92,0
18:24:33.965 -0.91,-0.17,0.01,0.92,0
18:24:34.100 -0.92,-0.07,0.00,0.92,0
18:24:34.242 -0.92,-0.15,0.02,0.93,0
18:24:34.342 -0.94,0.00,0.09,0.95,0
18:24:34.500 -0.93,0.04,0.03,0.93,0
18:24:34.605 -0.93,0.02,-0.19,0.95,0
18:24:34.730 -0.94,-0.04,-0.13,0.95,0
18:24:34.867 -0.94,0.05,-0.07,0.95,0
18:24:34.998 -0.94,0.14,-0.14,0.96,0
18:24:35.123 -0.94,0.14,-0.14,0.96,0
18:24:35.259 -0.94,0.11,-0.10,0.95,0
18:24:35.392 -0.94,-0.00,-0.03,0.94,0
18:24:35.523 -0.94,0.03,-0.05,0.94,0
18:24:35.641 -0.94,-0.09,-0.16,0.96,0
18:24:35.759 -0.94,-0.08,-0.14,0.95,0
18:24:35.907 -0.94,0.01,-0.07,0.95,0
18:24:36.029 -0.94,0.11,-0.04,0.95,0
18:24:36.166 -0.94,0.07,-0.10,0.95,0
18:24:36.282 -0.88,0.00,-0.17,0.90,0
18:24:36.422 -0.93,-0.01,-0.33,0.99,0
18:24:36.550 -0.91,-0.06,-0.11,0.92,0
18:24:36.686 -0.92,0.00,-0.07,0.93,0
18:24:36.801 -0.93,0.03,-0.03,0.93,0
18:24:36.947 -0.83,-0.73,1.47,1.84,0
18:24:37.061 -0.94,0.08,-0.01,0.94,0
18:24:37.192 -0.94,0.06,-0.09,0.94,0
18:24:37.326 -0.94,-0.05,-0.06,0.94,0
18:24:37.452 -0.94,-0.02,-0.07,0.94,0
18:24:37.573 -0.94,0.00,-0.05,0.95,1
18:24:37.721 -0.94,-0.02,-0.04,0.94,1
18:24:37.842 -0.94,-0.01,-0.06,0.95,1
18:24:37.970 -0.94,0.01,-0.07,0.94,1
18:24:38.110 -0.94,-0.02,-0.06,0.94,1
18:24:38.230 -0.94,-0.01,-0.07,0.95,1
18:24:38.354 -0.94,-0.04,-0.07,0.95,1
18:24:38.487 -0.94,-0.04,-0.09,0.94,1
18:24:38.617 -0.93,-0.00,-0.10,0.94,1
18:24:38.760 -0.93,-0.02,-0.12,0.94,1
18:24:38.913 -0.90,0.06,-0.17,0.92,1
18:24:39.008 -0.86,-0.01,-0.14,0.87,1
18:24:39.133 -0.77,0.01,-0.17,0.79,1
18:24:39.274 -0.58,0.04,-0.19,0.62,1
18:24:39.396 -0.12,0.01,-0.26,0.29,1
18:24:39.534 0.57,0.00,-0.23,0.61,1
18:24:39.666 1.05,-0.06,0.04,1.05,1
18:24:39.794 -0.05,-0.98,-1.79,2.04,1
18:24:39.910 -0.21,-1.93,1.78,2.63,1
18:24:40.048 -0.20,1.13,1.78,2.12,1
18:24:40.179 0.00,0.26,0.71,0.76,1
18:24:40.300 -0.05,0.33,0.97,1.03,1
18:24:40.435 -0.06,-0.05,0.81,0.82,1
18:24:40.552 -0.06,-0.06,0.83,0.84,1
18:24:40.680 -0.06,-0.06,0.83,0.83,1
18:24:40.808 -0.06,-0.05,0.83,0.84,1
18:24:40.943 -0.06,-0.06,0.82,0.83,1
18:24:41.062 -0.06,-0.06,0.83,0.84,1
18:24:41.195 -0.06,-0.05,0.83,0.84,1
18:24:41.317 -0.06,-0.05,0.82,0.83,1
18:24:41.466 -0.05,-0.05,0.83,0.83,1
18:24:41.599 -0.06,-0.06,0.83,0.84,0
18:24:41.725 -0.06,-0.06,0.83,0.84,0
18:24:41.852 -0.06,-0.05,0.83,0.84,0
18:24:41.973 -0.06,-0.06,0.83,0.83,0
18:24:42.099 -0.06,-0.06,0.82,0.83,0
18:24:42.242 -0.06,-0.05,0.83,0.84,0
18:24:42.357 -0.06,-0.06,0.83,0.84,0
18:24:42.491 -0.06,-0.06,0.83,0.84,0
18:24:42.618 -0.06,-0.06,0.82,0.83,0
18:24:42.738 -0.06,-0.06,0.82,0.83,0
18:24:42.871 -0.06,-0.06,0.83,0.83,0
18:24:43.017 -0.06,-0.06,0.83,0.83,0
18:24:43.133 -0.06,-0.05,0.83,0.83,0
18:24:43.284 -0.06,-0.05,0.82,0.82,0
18:24:43.400 -0.06,-0.06,0.82,0.83,0
18:24:43.524 -0.05,-0.21,0.90,0.93,0
18:24:43.662 -0.05,0.06,0.83,0.84,0
18:24:43.778 -0.05,0.01,1.15,1.15,0
18:24:43.917 -0.08,-0.09,0.87,0.88,0
18:24:44.057 -0.10,-0.03,0.83,0.84,0
18:24:44.172 -0.10,-0.10,0.75,0.76,0
18:24:44.299 -0.23,-0.02,0.83,0.87,0
18:24:44.424 -0.28,-0.09,0.83,0.88,0
18:24:44.542 -0.30,-0.06,0.79,0.85,0
18:24:44.691 -0.41,-0.08,0.78,0.89,0
18:24:44.819 -0.48,-0.04,0.68,0.84,0
18:24:44.930 -0.51,0.05,0.63,0.82,0
18:24:45.062 -0.59,-0.13,0.73,0.94,0
18:24:45.197 -0.64,0.08,0.45,0.78,0
18:24:45.321 -0.70,0.05,0.33,0.78,0
18:24:45.462 -0.76,0.10,0.28,0.82,0
18:24:45.575 -0.81,0.07,0.28,0.86,0
18:24:45.699 -0.83,0.10,0.34,0.90,0
18:24:45.834 -0.85,0.09,0.27,0.89,0
18:24:45.970 -0.87,0.15,0.30,0.93,0
18:24:46.097 -0.88,0.02,0.03,0.89,0
18:24:46.226 -0.90,0.08,0.14,0.92,0
18:24:46.338 -0.91,-0.03,-0.00,0.91,0
18:24:46.471 -0.93,0.09,0.06,0.93,0
18:24:46.614 -0.92,0.09,0.16,0.94,0
18:24:46.739 -0.93,0.09,0.02,0.93,0
18:24:46.874 -0.93,0.07,0.20,0.95,0
18:24:46.990 -0.93,0.07,0.05,0.93,0
18:24:47.111 -0.93,0.24,0.02,0.96,0
18:24:47.253 -0.93,0.05,0.02,0.93,0
18:24:47.377 -0.86,0.03,-0.10,0.86,0
18:24:47.498 -0.96,-0.00,-0.13,0.97,0
18:24:47.637 -1.04,0.04,-0.24,1.06,0
18:24:47.755 -0.82,0.14,-0.05,0.83,0
18:24:47.901 -0.94,-0.02,-0.16,0.95,0
18:24:48.027 -0.94,-0.01,-0.05,0.94,0
18:24:48.148 -0.94,0.07,-0.04,0.94,0
18:24:48.320 -0.94,0.01,-0.01,0.94,0
18:24:48.413 -0.94,0.04,-0.01,0.95,0
18:24:48.538 -0.94,0.00,-0.03,0.94,0
18:24:48.671 -0.94,0.03,-0.02,0.94,0
18:24:48.802 -0.94,0.02,-0.03,0.94,0
18:24:48.922 -0.94,0.00,-0.01,0.94,0
18:24:49.060 -0.94,0.00,-0.03,0.94,0
18:24:49.201 -0.94,-0.00,-0.02,0.94,1
18:24:49.309 -0.94,0.02,-0.05,0.94,1
18:24:49.440 -0.93,0.05,-0.06,0.94,1
18:24:49.605 -0.94,0.01,-0.03,0.94,1
18:24:49.707 -0.94,0.05,-0.06,0.94,1
18:24:49.847 -0.94,0.01,-0.12,0.95,1
18:24:49.949 -0.93,0.03,-0.15,0.95,1
18:24:50.092 -0.91,0.01,-0.14,0.92,1
18:24:50.221 -0.86,0.02,-0.14,0.87,1
18:24:50.361 -0.77,0.03,-0.17,0.79,1
18:24:50.491 -0.55,0.01,-0.22,0.59,1
18:24:50.618 -0.02,0.08,-0.24,0.25,1
18:24:50.731 0.58,-0.02,-0.27,0.64,1
18:24:50.882 1.65,-0.87,1.78,2.58,1
18:24:50.991 0.85,1.92,-1.79,2.76,1
18:24:51.123 -0.52,-1.93,-1.79,2.68,1
18:24:51.258 -1.10,1.92,-1.79,2.84,1
18:24:51.385 -0.05,0.00,-0.20,0.20,1
18:24:51.515 0.02,-0.89,0.12,0.90,1
18:24:51.639 0.01,-0.90,-0.07,0.90,1
18:24:51.774 0.02,-0.92,-0.09,0.93,1
18:24:51.884 0.02,-0.92,-0.10,0.93,1
18:24:52.010 0.02,-0.92,-0.10,0.93,1
18:24:52.163 0.02,-0.92,-0.10,0.93,1
18:24:52.271 0.02,-0.92,-0.10,0.93,1
18:24:52.406 0.02,-0.92,-0.10,0.93,1
18:24:52.551 0.02,-0.93,-0.10,0.93,1
18:24:52.676 0.02,-0.93,-0.09,0.93,1
18:24:52.798 0.02,-0.93,-0.09,0.94,0
18:24:52.934 0.02,-0.92,-0.10,0.93,0
18:24:53.067 0.02,-0.92,-0.10,0.93,0
18:24:53.183 0.02,-0.92,-0.09,0.93,0
18:24:53.310 0.02,-0.92,-0.10,0.93,0
18:24:53.442 0.02,-0.93,-0.10,0.93,0
18:24:53.567 0.02,-0.92,-0.09,0.93,0
18:24:53.698 0.02,-0.92,-0.09,0.93,0
18:24:53.822 0.02,-0.92,-0.09,0.93,0
18:24:53.950 0.02,-0.93,-0.10,0.93,0
18:24:54.094 0.02,-0.93,-0.10,0.93,0
18:24:54.220 0.01,-0.86,-0.22,0.89,0
18:24:54.353 0.01,-1.14,-0.07,1.14,0
18:24:54.477 -0.03,-0.99,-0.06,1.00,0
18:24:54.602 -0.16,-0.79,-0.11,0.81,0
18:24:54.737 -0.20,-0.94,-0.08,0.97,0
18:24:54.861 -0.29,-0.94,-0.16,1.00,0
18:24:55.005 -0.33,-0.86,-0.15,0.94,0
18:24:55.125 -0.41,-0.85,-0.07,0.94,0
18:24:55.258 -0.48,-0.70,-0.09,0.86,0
18:24:55.382 -0.54,-0.60,-0.11,0.82,0
18:24:55.511 -0.61,-0.65,-0.14,0.90,0
18:24:55.669 -0.65,-0.73,-0.15,0.99,0
18:24:55.790 -0.69,-0.60,-0.14,0.92,0
18:24:55.902 -0.73,-0.42,-0.10,0.85,0
18:24:56.025 -0.76,-0.24,-0.01,0.80,0
18:24:56.160 -0.83,-0.38,-0.08,0.92,0
18:24:56.287 -0.76,0.06,0.23,0.80,0
18:24:56.416 -0.85,-0.03,-0.06,0.85,0
18:24:56.546 -0.88,-0.17,-0.30,0.95,0
18:24:56.682 -0.91,0.00,-0.22,0.93,0
18:24:56.819 -0.93,-0.08,-0.07,0.94,0
18:24:56.947 -0.93,-0.22,-0.10,0.96,0
18:24:57.097 -0.93,0.00,-0.05,0.93,0
18:24:57.205 -0.93,0.04,-0.11,0.94,0
18:24:57.336 -0.93,0.09,-0.11,0.94,0
18:24:57.458 -0.94,-0.03,-0.14,0.95,0
18:24:57.585 -0.94,-0.00,-0.13,0.95,0
18:24:57.731 -0.94,0.00,-0.08,0.94,0
18:24:57.860 -0.94,-0.04,-0.09,0.95,0
18:24:57.978 -0.90,0.11,-0.24,0.93,0
18:24:58.108 -0.94,0.36,0.00,1.01,0
18:24:58.231 -1.00,0.02,-0.16,1.02,0
18:24:58.359 -0.81,0.01,-0.05,0.81,0
18:24:58.494 -0.97,-0.06,-0.13,0.98,0
18:24:58.621 -0.80,-0.09,0.12,0.81,0
18:24:58.756 -0.94,-0.11,-0.04,0.94,0
18:24:58.875 -0.94,-0.03,0.03,0.94,0
18:24:59.016 -0.94,0.04,-0.01,0.94,0
18:24:59.146 -0.94,0.01,-0.08,0.94,0
18:24:59.268 -0.94,0.01,-0.05,0.95,0
18:24:59.404 -0.94,-0.03,-0.04,0.94,0
18:24:59.525 -0.94,0.01,-0.02,0.94,0
18:24:59.658 -0.94,0.01,-0.04,0.94,0
18:24:59.785 -0.94,-0.00,-0.03,0.94,0
18:24:59.917 -0.94,-0.03,-0.03,0.95,1
18:25:00.045 -0.94,-0.02,-0.00,0.94,1
18:25:00.175 -0.94,-0.02,-0.05,0.94,1
18:25:00.317 -0.94,-0.09,-0.14,0.95,1
18:25:00.443 -0.91,-0.03,-0.25,0.95,1
18:25:00.584 -0.87,0.07,-0.15,0.89,1
18:25:00.691 -0.80,0.03,-0.17,0.82,1
18:25:00.831 -0.63,0.03,-0.21,0.67,1
18:25:00.960 -0.20,0.01,-0.27,0.33,1
18:25:01.122 0.50,0.01,-0.28,0.58,1
18:25:01.203 0.97,-0.00,-0.17,0.98,1
18:25:01.338 0.06,0.76,-1.79,1.94,1
18:25:01.470 0.67,-1.93,1.78,2.71,1
18:25:01.599 -0.26,1.92,1.78,2.63,1
18:25:01.732 -0.00,1.44,0.61,1.57,1
18:25:01.862 0.02,1.29,-0.27,1.32,1
18:25:01.995 0.01,0.96,0.03,0.96,1
18:25:02.118 0.01,0.93,0.04,0.93,1
18:25:02.242 0.00,0.93,0.04,0.93,1
18:25:02.402 0.01,0.94,0.03,0.94,1
18:25:02.498 0.01,0.94,0.03,0.94,1
18:25:02.632 0.00,0.94,0.04,0.94,1
18:25:02.747 0.00,0.94,0.04,0.94,0
18:25:02.870 0.01,0.94,0.04,0.94,0
18:25:02.998 0.01,0.93,0.04,0.93,0
18:25:03.129 0.00,0.94,0.04,0.94,0
18:25:03.243 0.00,0.94,0.03,0.94,0
18:25:03.385 0.00,0.93,0.04,0.93,0
18:25:03.515 0.00,0.94,0.04,0.94,0
18:25:03.633 0.00,0.94,0.04,0.94,0
18:25:03.748 0.00,0.94,0.03,0.94,0
18:25:03.881 0.00,0.94,0.04,0.94,0
18:25:04.018 0.01,0.93,0.03,0.93,0
18:25:04.146 0.01,0.92,0.04,0.93,0
18:25:04.281 0.01,0.93,0.03,0.93,0
18:25:04.389 0.00,0.93,0.04,0.93,0
18:25:04.517 0.00,0.93,0.03,0.93,0
18:25:04.640 0.02,1.31,0.08,1.31,0
18:25:04.773 -0.00,0.98,0.15,0.99,0
18:25:04.964 -0.02,1.10,0.21,1.12,0
18:25:05.033 -0.06,1.12,0.32,1.17,0
18:25:05.181 -0.13,0.91,0.25,0.96,0
18:25:05.292 -0.23,0.70,0.48,0.88,0
18:25:05.429 -0.30,0.58,0.56,0.85,0
18:25:05.547 -0.42,0.47,0.62,0.88,0
18:25:05.663 -0.48,0.32,0.63,0.85,0
18:25:05.802 -0.53,0.29,0.59,0.84,0
18:25:05.923 -0.62,0.15,0.47,0.79,0
18:25:06.066 -0.70,0.09,0.41,0.81,0
18:25:06.181 -0.74,0.04,0.45,0.87,0
18:25:06.317 -0.78,0.08,0.21,0.81,0
18:25:06.439 -0.82,0.06,0.25,0.86,0
18:25:06.566 -0.85,0.09,0.21,0.88,0
18:25:06.692 -0.87,0.06,0.20,0.90,0
18:25:06.830 -0.90,0.00,0.25,0.93,0
18:25:06.947 -0.91,0.02,0.15,0.92,0
18:25:07.076 -0.91,0.07,0.03,0.92,0
18:25:07.212 -0.93,0.05,-0.01,0.93,0
18:25:07.331 -0.93,0.12,0.06,0.94,0
18:25:07.457 -1.00,0.05,-0.06,1.00,0
18:25:07.597 -0.85,-0.07,-0.10,0.86,0
18:25:07.726 -0.96,0.00,-0.06,0.97,0
18:25:07.850 -0.90,0.06,-0.09,0.90,0
18:25:07.984 -0.82,-0.26,1.33,1.59,0
18:25:08.127 -0.94,-0.05,-0.02,0.95,0
18:25:08.232 -0.95,0.01,-0.03,0.95,0
18:25:08.369 -0.94,-0.02,-0.01,0.94,0
18:25:08.504 -0.94,-0.01,-0.03,0.94,0
18:25:08.622 -0.94,-0.02,-0.00,0.94,0
18:25:08.803 -0.94,0.00,-0.02,0.94,0
18:25:08.897 -0.94,-0.02,-0.06,0.94,0
18:25:09.018 -0.94,-0.03,-0.06,0.94,0
18:25:09.147 -0.94,-0.03,-0.06,0.94,0
18:25:09.280 -0.94,-0.01,-0.06,0.94,0
18:25:09.407 -0.94,-0.04,-0.05,0.95,1
18:25:09.553 -0.94,0.00,-0.05,0.94,1
18:25:09.671 -0.94,0.01,-0.06,0.95,1
18:25:09.810 -0.94,0.01,-0.06,0.95,1
18:25:09.929 -0.94,0.01,-0.08,0.94,1
18:25:10.083 -0.94,-0.01,-0.12,0.95,1
18:25:10.182 -0.93,-0.05,-0.09,0.94,1
18:25:10.312 -0.92,0.04,-0.12,0.93,1
18:25:10.456 -0.91,-0.00,-0.07,0.91,1
18:25:10.575 -0.87,0.02,-0.10,0.88,1
18:25:10.695 -0.79,0.03,-0.16,0.80,1
18:25:10.830 -0.68,0.03,-0.32,0.76,1
18:25:10.954 -0.15,-0.03,-0.28,0.32,1
18:25:11.089 0.52,-0.09,-0.29,0.61,1
18:25:11.220 1.04,-0.04,-0.34,1.10,1
18:25:11.361 0.21,1.92,-1.79,2.63,1
18:25:11.478 -1.42,1.92,-1.79,2.99,1
18:25:11.608 -1.44,-1.48,-1.79,2.73,1
18:25:11.731 -0.09,-0.80,-0.82,1.16,1
18:25:11.856 -0.03,-0.32,-0.18,0.37,1
18:25:12.004 -0.05,-0.86,-0.16,0.88,1
18:25:12.118 -0.05,-0.90,-0.18,0.92,1
18:25:12.253 -0.05,-0.91,-0.20,0.94,1
18:25:12.378 -0.05,-0.91,-0.20,0.93,1
18:25:12.513 -0.05,-0.91,-0.19,0.93,1
18:25:12.642 -0.05,-0.91,-0.19,0.93,1
18:25:12.785 -0.05,-0.91,-0.19,0.93,1
18:25:12.909 -0.04,-0.91,-0.20,0.94,1
18:25:13.030 -0.05,-0.91,-0.20,0.93,1
18:25:13.194 -0.05,-0.91,-0.19,0.93,0
18:25:13.287 -0.05,-0.91,-0.20,0.93,0
18:25:13.433 -0.05,-0.91,-0.20,0.94,0
18:25:13.570 -0.05,-0.92,-0.20,0.94,0
18:25:13.680 -0.05,-0.90,-0.19,0.92,0
18:25:13.819 -0.04,-0.92,-0.20,0.94,0
18:25:13.958 -0.05,-0.91,-0.19,0.93,0
18:25:14.085 -0.05,-0.92,-0.20,0.94,0
18:25:14.208 -0.05,-0.91,-0.20,0.93,0
18:25:14.343 -0.05,-0.91,-0.20,0.93,0