18:18:43.580 -0.89,0.06,0.23,0.92,0
18:18:43.725 -0.89,0.06,0.24,0.92,0
18:18:43.837 -0.89,0.06,0.24,0.92,0
18:18:43.974 -0.89,0.06,0.23,0.92,0
18:18:44.086 -0.89,0.06,0.24,0.92,0
18:18:44.223 -0.88,0.07,0.24,0.92,0
18:18:44.364 -0.89,0.07,0.24,0.93,0
18:18:44.495 -0.88,0.06,0.23,0.92,0
18:18:44.612 -0.89,0.07,0.24,0.92,0
18:18:44.732 -0.89,0.07,0.24,0.92,0
18:18:44.877 -0.88,0.07,0.23,0.92,0
18:18:44.996 -0.89,0.07,0.24,0.92,0
18:18:45.132 -0.89,0.06,0.23,0.92,0
18:18:45.255 -0.88,0.07,0.23,0.92,0
18:18:45.368 -0.89,0.07,0.23,0.92,0
18:18:45.520 -0.89,0.06,0.24,0.92,0
18:18:45.630 -0.88,0.06,0.23,0.91,0
18:18:45.755 -0.89,0.06,0.24,0.92,0
18:18:45.888 -0.89,0.06,0.24,0.92,0
18:18:46.022 -0.89,0.07,0.24,0.92,0
18:18:46.146 -0.88,0.07,0.23,0.92,0
18:18:46.268 -0.89,0.06,0.23,0.92,0
18:18:46.407 -0.89,0.07,0.23,0.92,0
18:18:46.521 -0.88,0.07,0.24,0.91,0
18:18:46.659 -0.89,0.07,0.24,0.92,0
18:18:46.798 -0.88,0.07,0.24,0.92,0
18:18:46.931 -0.88,0.07,0.24,0.91,0
18:18:47.049 -0.88,0.06,0.24,0.92,0
18:18:47.167 -0.89,0.07,0.24,0.93,0
18:18:47.290 -0.88,0.07,0.24,0.92,0
18:18:47.427 -0.89,0.06,0.24,0.92,0
18:18:47.550 -0.89,0.06,0.23,0.92,0
18:18:47.696 -0.89,0.07,0.23,0.92,0
18:18:47.816 -0.89,0.07,0.23,0.92,0
18:18:47.932 -0.88,0.05,0.24,0.92,0
18:18:48.071 -0.89,0.06,0.24,0.93,0
18:18:48.188 -0.94,-0.13,0.13,0.95,0
18:18:48.318 -0.92,0.18,0.38,1.01,0
18:18:48.451 -0.89,0.12,0.44,1.00,0
18:18:48.571 -0.89,0.00,0.38,0.97,0
18:18:48.706 -0.88,-0.06,0.31,0.93,0
18:18:48.831 -0.87,-0.13,0.03,0.88,0
18:18:48.959 -0.88,-0.08,-0.10,0.89,0
18:18:49.083 -0.96,-0.03,-0.15,0.97,0
18:18:49.221 -0.91,0.02,-0.13,0.92,0
18:18:49.349 -0.91,0.05,-0.03,0.92,0
18:18:49.481 -0.91,-0.04,0.00,0.91,0
18:18:49.603 -0.94,-0.01,-0.07,0.94,0
18:18:49.745 -0.96,0.07,-0.07,0.97,0
18:18:49.866 -0.89,0.03,-0.03,0.89,0
18:18:50.005 -0.98,-0.05,-0.04,0.98,0
18:18:50.134 -0.94,-0.07,0.05,0.94,0
18:18:50.263 -0.94,0.02,0.00,0.94,0
18:18:50.383 -0.91,0.02,-0.05,0.92,0
18:18:50.525 -0.97,0.01,-0.04,0.97,0
18:18:50.649 -0.90,-0.03,-0.00,0.90,0
18:18:50.782 -0.88,0.03,-0.11,0.88,0
18:18:50.899 -0.92,0.06,-0.14,0.93,0
18:18:51.041 -0.94,-0.04,-0.12,0.95,0
18:18:51.203 -0.94,0.14,-0.24,0.98,0
18:18:51.294 -0.94,-0.08,0.01,0.95,0
18:18:51.434 -0.94,0.02,-0.04,0.94,0
18:18:51.555 -0.93,-0.08,-0.04,0.94,0
18:18:51.682 -0.94,-0.11,0.00,0.94,0
18:18:51.810 -0.94,-0.08,0.04,0.94,0
18:18:51.942 -0.94,0.01,0.12,0.94,0
18:18:52.074 -0.94,-0.02,0.06,0.94,0
18:18:52.195 -0.93,-0.04,0.03,0.93,0
18:18:52.329 -0.94,-0.05,0.10,0.94,0
18:18:52.480 -0.93,-0.11,0.06,0.94,0
18:18:52.591 -0.93,-0.05,0.05,0.93,0
18:18:52.730 -0.93,-0.06,0.08,0.94,0
18:18:52.837 -0.93,-0.07,0.06,0.94,0
18:18:52.962 -0.93,-0.07,0.05,0.94,0
18:18:53.119 -0.94,-0.03,0.04,0.94,0
18:18:53.235 -0.93,-0.02,0.05,0.93,0
18:18:53.358 -0.93,0.00,0.05,0.93,1
18:18:53.479 -0.93,-0.08,0.03,0.94,1
18:18:53.622 -0.93,-0.05,0.06,0.94,1
18:18:53.762 -0.93,-0.05,0.05,0.94,1
18:18:53.867 -0.93,-0.05,0.04,0.93,1
18:18:53.993 -0.93,-0.03,0.03,0.93,1
18:18:54.117 -0.93,-0.02,0.03,0.93,1
18:18:54.273 -0.92,-0.04,-0.13,0.93,1
18:18:54.384 -0.89,0.17,-0.16,0.92,1
18:18:54.520 -0.82,0.02,-0.17,0.83,1
18:18:54.652 -0.65,0.09,-0.21,0.69,1
18:18:54.787 -0.24,0.08,-0.27,0.37,1
18:18:54.906 0.45,0.01,-0.28,0.53,1
18:18:55.044 0.95,0.08,-0.42,1.04,1
18:18:55.158 0.07,1.92,-1.79,2.63,1
18:18:55.284 -1.93,1.92,-1.79,3.26,1
18:18:55.419 1.92,-0.69,-1.26,2.40,1
18:18:55.541 0.12,-1.93,-1.79,2.63,1
18:18:55.694 0.03,-1.08,-1.03,1.50,1
18:18:55.822 -0.01,-0.27,0.57,0.64,1
18:18:55.939 0.00,-0.84,0.09,0.85,1
18:18:56.052 0.01,-0.94,-0.14,0.95,1
18:18:56.184 0.01,-0.93,-0.12,0.94,1
18:18:56.324 0.01,-0.92,-0.11,0.93,1
18:18:56.453 0.01,-0.92,-0.11,0.93,1
18:18:56.580 0.00,-0.92,-0.12,0.93,1
18:18:56.700 0.00,-0.92,-0.11,0.93,0
18:18:56.839 0.01,-0.92,-0.11,0.93,0
18:18:56.979 0.00,-0.92,-0.11,0.93,0
18:18:57.104 0.01,-0.92,-0.10,0.93,0
18:18:57.222 0.01,-0.92,-0.11,0.93,0
18:18:57.351 0.01,-0.92,-0.11,0.93,0
18:18:57.489 0.00,-0.93,-0.10,0.94,0
18:18:57.600 0.01,-0.93,-0.11,0.94,0
18:18:57.745 0.00,-0.92,-0.11,0.93,0
18:18:57.894 0.00,-0.92,-0.11,0.93,0
18:18:58.013 0.00,-0.92,-0.11,0.93,0
18:18:58.130 0.01,-0.94,-0.13,0.95,0
18:18:58.258 0.01,-0.95,-0.09,0.95,0
18:18:58.404 0.02,-1.09,0.02,1.09,0
18:18:58.537 -0.08,-1.29,0.11,1.30,0
18:18:58.666 -0.15,-1.16,0.12,1.18,0
18:18:58.779 -0.17,-1.01,0.11,1.03,0
18:18:58.903 -0.21,-0.88,0.25,0.94,0
18:18:59.037 -0.35,-0.74,0.42,0.92,0
18:18:59.168 -0.40,-0.69,0.36,0.87,0
18:18:59.300 -0.56,-0.42,0.44,0.83,0
18:18:59.435 -0.63,-0.12,0.39,0.75,0
18:18:59.546 -0.71,-0.11,0.16,0.74,0
18:18:59.686 -0.80,-0.11,-0.19,0.83,0
18:18:59.805 -0.88,0.05,-0.23,0.91,0
18:18:59.948 -0.91,0.14,0.02,0.92,0
18:19:00.070 -0.94,0.21,-0.08,0.96,0
18:19:00.185 -0.92,-0.15,-0.53,1.07,0
18:19:00.313 -0.87,-0.08,-0.09,0.88,0
18:19:00.456 -0.99,0.11,-0.14,1.01,0
18:19:00.585 -0.94,-0.05,-0.14,0.95,0
18:19:00.715 -0.94,-0.06,-0.03,0.94,0
18:19:00.862 -0.94,0.05,-0.02,0.94,0
18:19:00.965 -0.94,0.21,0.15,0.98,0
18:19:01.108 -0.94,0.09,-0.08,0.95,0
18:19:01.235 -0.94,0.03,-0.12,0.95,0
18:19:01.353 -0.94,-0.05,-0.03,0.94,0
18:19:01.478 -0.94,-0.01,-0.06,0.94,0
18:19:01.607 -0.94,0.03,-0.11,0.95,0
18:19:01.741 -0.94,0.07,-0.09,0.95,0
18:19:01.867 -0.94,0.02,-0.06,0.95,0
18:19:02.008 -0.94,0.01,-0.09,0.94,0
18:19:02.145 -0.94,0.05,-0.10,0.95,0
18:19:02.277 -0.94,0.09,-0.09,0.95,0
18:19:02.388 -0.94,0.00,-0.08,0.94,1
18:19:02.517 -0.94,0.00,-0.07,0.94,1
18:19:02.640 -0.94,-0.01,-0.05,0.94,1
18:19:02.789 -0.94,0.01,-0.08,0.95,1
18:19:02.926 -0.94,0.02,-0.07,0.94,1
18:19:03.032 -0.94,-0.01,-0.07,0.94,1
18:19:03.167 -0.94,0.02,-0.06,0.94,1
18:19:03.288 -0.94,0.01,-0.05,0.95,1
18:19:03.446 -0.94,-0.04,-0.09,0.94,1
18:19:03.549 -0.94,0.01,-0.10,0.95,1
18:19:03.682 -0.93,0.06,-0.24,0.96,1
18:19:03.827 -0.91,-0.09,-0.07,0.92,1
18:19:03.949 -0.88,0.03,-0.11,0.89,1
18:19:04.078 -0.83,-0.03,-0.15,0.85,1
18:19:04.207 -0.69,0.00,-0.19,0.71,1
18:19:04.333 -0.37,0.05,-0.22,0.43,1
18:19:04.455 0.12,0.02,-0.32,0.34,1
18:19:04.601 0.78,0.12,-0.28,0.83,1
18:19:04.727 0.12,-1.54,1.78,2.36,1
18:19:04.840 -0.09,0.31,-1.79,1.82,1
18:19:04.975 -1.39,-1.93,-0.63,2.46,1
18:19:05.102 -0.27,1.92,-0.17,1.95,1
18:19:05.250 0.05,-1.93,-0.78,2.08,1
18:19:05.361 -0.01,-0.76,-0.05,0.76,1
18:19:05.489 -0.01,-0.94,-0.09,0.94,1
18:19:05.613 -0.01,-0.93,-0.09,0.94,1
18:19:05.745 -0.01,-0.92,-0.09,0.93,1
18:19:05.888 -0.01,-0.92,-0.10,0.93,1
18:19:06.006 -0.01,-0.92,-0.10,0.93,1
18:19:06.145 -0.01,-0.92,-0.10,0.93,0
18:19:06.276 -0.01,-0.93,-0.10,0.93,0
18:19:06.402 -0.01,-0.92,-0.10,0.93,0
18:19:06.562 -0.01,-0.92,-0.09,0.93,0
18:19:06.661 -0.01,-0.92,-0.10,0.93,0
18:19:06.800 -0.01,-0.92,-0.09,0.93,0
18:19:06.933 -0.01,-0.92,-0.10,0.93,0
18:19:07.058 -0.01,-0.92,-0.09,0.93,0
18:19:07.197 -0.01,-0.93,-0.10,0.93,0
18:19:07.330 -0.01,-0.92,-0.10,0.93,0
18:19:07.439 -0.01,-0.93,-0.10,0.93,0
18:19:07.573 -0.01,-0.94,-0.11,0.95,0
18:19:07.710 -0.01,-1.11,-0.07,1.11,0
18:19:07.843 -0.06,-1.12,-0.11,1.13,0
18:19:07.975 -0.07,-0.96,-0.19,0.98,0
18:19:08.090 -0.11,-0.98,-0.07,0.99,0
18:19:08.223 -0.16,-0.97,-0.14,0.99,0
18:19:08.350 -0.18,-0.85,-0.07,0.87,0
18:19:08.490 -0.25,-0.94,-0.14,0.99,0
18:19:08.606 -0.30,-0.92,-0.09,0.97,0
18:19:08.751 -0.33,-0.88,-0.02,0.95,0
18:19:08.863 -0.38,-0.80,0.03,0.89,0
18:19:08.995 -0.47,-0.70,0.16,0.85,0
18:19:09.146 -0.51,-0.70,0.23,0.90,0
18:19:09.266 -0.57,-0.69,0.18,0.92,0
18:19:09.399 -0.59,-0.55,0.22,0.84,0
18:19:09.535 -0.66,-0.52,0.28,0.88,0
18:19:09.651 -0.69,-0.45,0.22,0.85,0
18:19:09.769 -0.73,-0.38,0.23,0.85,0
18:19:09.917 -0.78,-0.37,0.17,0.88,0
18:19:10.042 -0.81,-0.32,0.22,0.90,0
18:19:10.165 -0.87,-0.43,0.36,1.04,0
18:19:10.327 -0.80,-0.33,0.26,0.91,0
18:19:10.414 -0.82,-0.39,0.34,0.97,0
18:19:10.554 -0.83,-0.24,0.23,0.89,0
18:19:10.694 -0.85,-0.20,0.08,0.88,0
18:19:10.816 -0.88,-0.15,0.11,0.90,0
18:19:10.954 -0.89,-0.20,0.07,0.92,0
18:19:11.071 -0.91,-0.19,0.12,0.94,0
18:19:11.200 -0.91,-0.15,0.02,0.92,0
18:19:11.330 -0.92,-0.15,0.11,0.94,0
18:19:11.462 -0.91,-0.02,-0.07,0.91,0
18:19:11.579 -0.92,-0.02,-0.13,0.93,0
18:19:11.741 -0.90,-0.09,-0.17,0.92,0
18:19:11.853 -0.91,0.13,-0.41,1.01,0
18:19:11.978 -0.94,-0.18,-0.07,0.96,0
18:19:12.110 -0.94,-0.09,-0.11,0.95,0
18:19:12.230 -0.93,-0.05,-0.05,0.94,0
18:19:12.378 -0.94,0.05,0.01,0.94,0
18:19:12.504 -0.94,-0.00,-0.09,0.95,0
18:19:12.625 -0.94,0.07,0.02,0.95,0
18:19:12.746 -0.94,0.06,-0.02,0.94,0
18:19:12.883 -0.94,-0.01,-0.05,0.94,0
18:19:13.010 -0.94,-0.03,-0.00,0.95,0
18:19:13.157 -0.94,-0.05,-0.02,0.94,0
18:19:13.277 -0.94,-0.01,-0.05,0.94,0
18:19:13.399 -0.94,0.02,-0.02,0.95,0
18:19:13.535 -0.94,0.03,-0.04,0.95,0
18:19:13.660 -0.94,0.02,-0.05,0.94,0
18:19:13.788 -0.94,0.04,-0.05,0.94,0
18:19:13.926 -0.94,0.02,-0.01,0.94,0
18:19:14.055 -0.94,0.02,-0.02,0.94,1
18:19:14.183 -0.94,0.02,-0.05,0.94,1
18:19:14.311 -0.94,0.01,-0.03,0.95,1
18:19:14.436 -0.94,0.03,-0.05,0.95,1
18:19:14.566 -0.94,0.03,-0.16,0.95,1
18:19:14.686 -0.94,-0.02,-0.13,0.95,1
18:19:14.821 -0.92,-0.05,-0.05,0.92,1
18:19:14.948 -0.89,0.03,-0.13,0.90,1
18:19:15.081 -0.83,0.02,-0.16,0.85,1
18:19:15.205 -0.69,0.02,-0.20,0.72,1
18:19:15.354 -0.43,-0.05,-0.31,0.53,1
18:19:15.476 0.23,-0.02,-0.19,0.29,1
18:19:15.605 0.82,0.05,-0.19,0.85,1
18:19:15.720 0.97,-1.93,1.78,2.80,1
18:19:15.853 1.38,1.92,-1.27,2.68,1
18:19:15.978 0.11,-1.32,1.67,2.13,1
18:19:16.129 -0.03,1.03,0.14,1.04,1
18:19:16.230 0.02,-1.02,-0.10,1.02,1
18:19:16.369 0.01,-0.94,-0.07,0.95,1
18:19:16.501 0.01,-0.92,-0.09,0.93,1
18:19:16.625 0.01,-0.92,-0.09,0.93,1
18:19:16.751 0.01,-0.92,-0.09,0.93,0
18:19:16.887 0.00,-0.92,-0.09,0.93,0
18:19:17.013 0.01,-0.93,-0.09,0.93,0
18:19:17.143 0.01,-0.92,-0.09,0.93,0
18:19:17.273 0.01,-0.92,-0.09,0.93,0
18:19:17.400 0.01,-0.93,-0.09,0.93,0
18:19:17.531 0.01,-0.92,-0.09,0.92,0
18:19:17.662 0.01,-0.92,-0.09,0.93,0
18:19:17.783 0.01,-0.93,-0.09,0.93,0
18:19:17.922 0.01,-0.92,-0.09,0.93,0
18:19:18.086 0.00,-0.89,-0.06,0.90,0
18:19:18.164 0.14,-1.56,0.22,1.58,0
18:19:18.334 -0.05,-1.35,0.13,1.36,0
18:19:18.422 -0.05,-0.94,0.16,0.95,0
18:19:18.559 -0.26,-0.59,0.23,0.69,0
18:19:18.691 -0.40,-0.43,0.22,0.62,0
18:19:18.812 -0.52,-0.45,0.28,0.75,0
18:19:18.961 -0.56,-0.41,0.16,0.72,0
18:19:19.088 -0.63,-0.45,0.31,0.83,0
18:19:19.204 -0.81,-0.51,0.24,0.99,0
18:19:19.363 -0.76,-0.40,0.19,0.88,0
18:19:19.472 -0.78,-0.23,0.10,0.82,0
18:19:19.586 -0.84,0.00,0.06,0.84,0
18:19:19.741 -0.88,-0.09,0.12,0.89,0
18:19:19.844 -0.90,-0.13,0.05,0.91,0
18:19:19.979 -0.91,-0.03,0.10,0.91,0
18:19:20.109 -0.91,0.03,0.15,0.93,0
18:19:20.227 -0.92,0.03,-0.07,0.92,0
18:19:20.363 -0.93,-0.05,-0.16,0.95,0
18:19:20.491 -0.93,0.14,-0.03,0.94,0
18:19:20.618 -0.93,0.09,-0.04,0.94,0
18:19:20.759 -0.93,0.06,-0.07,0.94,0
18:19:20.883 -0.94,0.01,-0.08,0.94,0
18:19:21.019 -0.94,0.00,-0.02,0.94,0
18:19:21.146 -0.94,0.02,-0.05,0.94,0
18:19:21.262 -0.94,0.00,-0.01,0.94,0
18:19:21.391 -0.94,-0.02,-0.01,0.94,0
18:19:21.523 -0.94,-0.02,0.00,0.94,1
18:19:21.652 -0.94,-0.02,-0.01,0.94,1
18:19:21.794 -0.94,0.00,-0.00,0.94,1
18:19:21.921 -0.94,0.03,-0.03,0.94,1
18:19:22.041 -0.94,-0.01,-0.00,0.94,1
18:19:22.179 -0.94,-0.02,-0.04,0.95,1
18:19:22.301 -0.94,0.01,-0.04,0.94,1
18:19:22.444 -0.94,0.02,-0.03,0.94,1
18:19:22.572 -0.93,0.03,-0.08,0.94,1
18:19:22.695 -0.92,-0.04,-0.09,0.93,1
18:19:22.815 -0.89,0.03,-0.14,0.90,1
18:19:22.943 -0.81,0.02,-0.16,0.83,1
18:19:23.089 -0.65,0.02,-0.20,0.68,1
18:19:23.202 -0.20,-0.02,-0.15,0.25,1
18:19:23.342 0.40,-0.02,-0.26,0.48,1
18:19:23.484 0.92,-0.03,-0.19,0.94,1
18:19:23.593 0.38,1.92,-1.79,2.65,1
18:19:23.731 -0.12,-1.93,1.78,2.63,1
18:19:23.868 -1.93,1.92,-1.79,3.26,1
18:19:23.982 0.04,1.74,1.21,2.12,1
18:19:24.111 0.01,0.89,0.00,0.89,1
18:19:24.253 0.01,0.93,0.03,0.93,1
18:19:24.360 0.01,0.94,0.03,0.94,1
18:19:24.501 0.01,0.93,0.03,0.93,1
18:19:24.611 0.01,0.93,0.03,0.93,0
18:19:24.756 0.01,0.94,0.04,0.94,0
18:19:24.884 0.01,0.93,0.04,0.93,0
18:19:24.994 0.01,0.93,0.04,0.93,0
18:19:25.119 0.00,0.94,0.05,0.94,0
18:19:25.258 0.01,0.94,0.04,0.94,0
18:19:25.386 0.01,0.94,0.04,0.94,0
18:19:25.508 0.01,0.94,0.04,0.94,0
18:19:25.641 0.00,0.93,0.04,0.93,0
18:19:25.764 0.01,0.94,0.04,0.94,0
18:19:25.896 0.01,0.93,0.03,0.93,0
18:19:26.018 0.01,0.93,0.03,0.93,0
18:19:26.143 0.00,0.93,0.03,0.93,0
18:19:26.274 0.01,0.93,0.04,0.93,0
18:19:26.408 0.01,0.79,0.10,0.80,0
18:19:26.523 -0.01,1.15,0.15,1.16,0
18:19:26.642 -0.03,0.95,0.31,1.00,0
18:19:26.786 -0.10,0.86,0.37,0.94,0
18:19:26.918 -0.17,0.80,0.41,0.91,0
18:19:27.043 -0.24,0.64,0.45,0.82,0
18:19:27.153 -0.32,0.58,0.53,0.84,0
18:19:27.304 -0.41,0.39,0.57,0.80,0
18:19:27.417 -0.47,0.36,0.58,0.83,0
18:19:27.550 -0.52,0.35,0.59,0.86,0
18:19:27.684 -0.56,0.31,0.65,0.91,0
18:19:27.815 -0.60,0.25,0.60,0.89,0
18:19:27.935 -0.66,0.08,0.58,0.88,0
18:19:28.065 -0.69,0.11,0.51,0.87,0
18:19:28.191 -0.73,0.17,0.48,0.89,0
18:19:28.322 -0.76,0.02,0.50,0.90,0
18:19:28.459 -0.81,0.04,0.16,0.83,0
18:19:28.587 -0.84,0.03,0.14,0.85,0
18:19:28.705 -0.88,0.06,0.30,0.93,0
18:19:28.838 -0.88,0.00,0.21,0.91,0
18:19:28.963 -0.92,0.07,0.04,0.92,0
18:19:29.084 -1.00,-0.02,0.16,1.01,0
18:19:29.218 -1.00,-0.16,-0.39,1.08,0
18:19:29.350 -0.94,-0.19,-0.15,0.98,0
18:19:29.468 -0.94,-0.02,0.03,0.94,0
18:19:29.603 -0.94,0.09,-0.16,0.96,0
18:19:29.738 -0.93,0.18,0.10,0.96,0
18:19:29.854 -0.93,0.12,-0.03,0.93,0
18:19:29.989 -0.94,-0.02,0.06,0.94,0
18:19:30.109 -0.94,-0.12,0.19,0.97,0
18:19:30.247 -0.94,-0.03,0.05,0.94,0
18:19:30.376 -0.94,-0.04,0.05,0.94,0
18:19:30.512 -0.94,-0.04,-0.01,0.94,0
18:19:30.651 -0.94,-0.03,0.02,0.94,0
18:19:30.765 -0.94,0.09,0.03,0.94,0
18:19:30.907 -0.93,-0.01,0.03,0.93,0
18:19:31.030 -0.94,-0.01,0.03,0.94,0
18:19:31.141 -0.94,0.02,0.00,0.94,0
18:19:31.280 -0.94,0.02,0.02,0.94,0
18:19:31.425 -0.93,0.04,0.05,0.94,0
18:19:31.561 -0.93,0.02,0.02,0.93,1
18:19:31.665 -0.94,0.01,0.02,0.94,1
18:19:31.791 -0.94,-0.00,0.03,0.94,1
18:19:31.922 -0.93,0.02,0.03,0.93,1
18:19:32.041 -0.93,0.02,0.03,0.93,1
18:19:32.189 -0.93,0.01,0.00,0.93,1
18:19:32.306 -0.93,-0.00,-0.08,0.93,1
18:19:32.447 -0.89,0.17,-0.14,0.92,1
18:19:32.569 -0.84,0.03,-0.16,0.86,1
18:19:32.683 -0.72,0.04,-0.22,0.76,1
18:19:32.818 -0.40,0.04,-0.27,0.49,1
18:19:32.965 0.14,0.00,-0.26,0.29,1
18:19:33.085 0.75,-0.03,-0.21,0.78,1
18:19:33.209 0.36,-1.93,-1.79,2.65,1
18:19:33.326 0.59,1.92,-1.79,2.69,1
18:19:33.458 0.17,-1.93,1.78,2.63,1
18:19:33.594 -0.06,-0.92,1.10,1.44,1
18:19:33.730 -0.12,-0.60,0.53,0.81,1
18:19:33.842 -0.07,-0.26,0.88,0.92,1
18:19:33.985 -0.05,-0.05,0.83,0.83,1
18:19:34.112 -0.05,-0.05,0.83,0.83,0
18:19:34.236 -0.05,-0.05,0.83,0.83,0
18:19:34.356 -0.05,-0.05,0.83,0.83,0
18:19:34.509 -0.05,-0.05,0.83,0.83,0
18:19:34.618 -0.05,-0.05,0.83,0.84,0
18:19:34.761 -0.05,-0.05,0.83,0.83,0
18:19:34.875 -0.05,-0.05,0.83,0.83,0
18:19:35.019 -0.05,-0.05,0.82,0.83,0
18:19:35.172 -0.05,-0.05,0.83,0.83,0
18:19:35.274 -0.05,-0.05,0.83,0.83,0
18:19:35.408 -0.05,-0.05,0.83,0.83,0
18:19:35.519 -0.05,-0.05,0.83,0.83,0
18:19:35.647 -0.05,-0.05,0.82,0.83,0
18:19:35.801 -0.05,-0.05,0.83,0.83,0
18:19:35.906 -0.05,-0.04,0.83,0.83,0
18:19:36.054 -0.05,-0.05,0.83,0.83,0
18:19:36.177 -0.05,-0.04,0.83,0.84,0
