-2.00,252.00,-5.00,252.06
-2.00,252.00,-5.00,252.06
-2.00,252.00,-4.00,252.04
-2.00,251.00,-4.00,251.04
-2.00,251.00,-5.00,251.06
-1.00,251.00,-3.00,251.02
-1.00,252.00,-3.00,252.02
-1.00,252.00,-3.00,252.02
-3.00,252.00,-6.00,252.09
-1.00,252.00,-4.00,252.03
-2.00,252.00,-3.00,252.03
0.00,251.00,-4.00,251.03
-1.00,252.00,-4.00,252.03
-1.00,251.00,-3.00,251.02
-2.00,253.00,-4.00,253.04
-3.00,252.00,-3.00,252.04
-2.00,252.00,-2.00,252.02
-1.00,252.00,-1.00,252.00
-2.00,251.00,-5.00,251.06
-2.00,251.00,-4.00,251.04
-2.00,253.00,-2.00,253.02
-1.00,252.00,-3.00,252.02
-1.00,251.00,-6.00,251.07
-1.00,251.00,-2.00,251.01
0.00,251.00,-4.00,251.03
-1.00,252.00,-2.00,252.01
-1.00,252.00,-5.00,252.05
1.00,253.00,-5.00,253.05
-1.00,250.00,-3.00,250.02
-1.00,251.00,-3.00,251.02
-1.00,253.00,-1.00,253.00
-2.00,251.00,-1.00,251.01
-2.00,253.00,-3.00,253.03
-1.00,252.00,-3.00,252.02
-1.00,252.00,-3.00,252.02
-2.00,252.00,-3.00,252.03
-1.00,251.00,-2.00,251.01
-2.00,252.00,-1.00,252.01
-2.00,251.00,-4.00,251.04
-2.00,252.00,-3.00,252.03
-1.00,251.00,-3.00,251.02
0.00,250.00,-5.00,250.05
-2.00,252.00,-2.00,252.02
-2.00,252.00,-1.00,252.01
0.00,250.00,-3.00,250.02
-2.00,251.00,-1.00,251.01
-1.00,252.00,-3.00,252.02
-2.00,252.00,-2.00,252.02
-2.00,251.00,-3.00,251.03
-2.00,252.00,-3.00,252.03
-1.00,251.00,-1.00,251.00
-1.00,252.00,-1.00,252.00
-2.00,252.00,-3.00,252.03
-1.00,253.00,-2.00,253.01
-1.00,252.00,-2.00,252.01
-1.00,252.00,-4.00,252.03
-1.00,251.00,-2.00,251.01
-1.00,252.00,-1.00,252.00
-2.00,251.00,-5.00,251.06
-1.00,251.00,-2.00,251.01
-2.00,251.00,-2.00,251.02
-2.00,252.00,-3.00,252.03
-1.00,251.00,-3.00,251.02
0.00,251.00,-3.00,251.02
-2.00,251.00,-3.00,251.03
-2.00,252.00,-2.00,252.02
0.00,251.00,-1.00,251.00
-3.00,252.00,-2.00,252.03
-2.00,251.00,-3.00,251.03
-1.00,252.00,-4.00,252.03
-2.00,253.00,-2.00,253.02
-2.00,251.00,-2.00,251.02
-1.00,251.00,-1.00,251.00
-2.00,252.00,-1.00,252.01
-2.00,252.00,-2.00,252.02
0.00,251.00,-1.00,251.00
0.00,252.00,-3.00,252.02
-1.00,251.00,-2.00,251.01
-2.00,251.00,-2.00,251.02
-2.00,252.00,0.00,252.01
-1.00,251.00,-2.00,251.01
-3.00,251.00,-1.00,251.02
-2.00,251.00,-2.00,251.02
-2.00,252.00,-2.00,252.02
-1.00,252.00,-3.00,252.02
-1.00,252.00,-3.00,252.02
0.00,251.00,-3.00,251.02
-2.00,251.00,-1.00,251.01
-1.00,251.00,-4.00,251.03
-1.00,252.00,-3.00,252.02
-2.00,252.00,-2.00,252.02
-2.00,254.00,-2.00,254.02
-1.00,252.00,-2.00,252.01
-1.00,252.00,-3.00,252.02
-2.00,252.00,0.00,252.01
-2.00,251.00,-2.00,251.02
-3.00,252.00,-1.00,252.02
-3.00,251.00,-1.00,251.02
-1.00,251.00,-3.00,251.02
-2.00,253.00,0.00,253.01
-3.00,252.00,-1.00,252.02
-2.00,252.00,0.00,252.01
-2.00,252.00,0.00,252.01
-1.00,251.00,1.00,251.00
-2.00,252.00,-1.00,252.01
0.00,251.00,-1.00,251.00
-2.00,252.00,0.00,252.01
-3.00,251.00,-1.00,251.02
0.00,251.00,-3.00,251.02
-2.00,253.00,-1.00,253.01
-2.00,252.00,-1.00,252.01
-1.00,251.00,-2.00,251.01
-2.00,251.00,-2.00,251.02
-2.00,252.00,-2.00,252.02
-1.00,252.00,0.00,252.00
-2.00,252.00,0.00,252.01
-2.00,252.00,-1.00,252.01
-1.00,252.00,-2.00,252.01
-1.00,252.00,-1.00,252.00
-2.00,251.00,0.00,251.01
-2.00,252.00,-1.00,252.01
-2.00,252.00,-1.00,252.01
-2.00,252.00,0.00,252.01
-1.00,250.00,-1.00,250.00
-2.00,252.00,-2.00,252.02
-1.00,252.00,0.00,252.00
-2.00,252.00,-1.00,252.01
0.00,251.00,-2.00,251.01
-1.00,252.00,-1.00,252.00
-1.00,252.00,-1.00,252.00
-1.00,254.00,-2.00,254.01
-2.00,251.00,-2.00,251.02
0.00,251.00,0.00,251.00
-1.00,252.00,0.00,252.00
0.00,251.00,-2.00,251.01
-2.00,252.00,-1.00,252.01
-1.00,253.00,-1.00,253.00
-2.00,253.00,-1.00,253.01
-2.00,251.00,-1.00,251.01
-2.00,252.00,-1.00,252.01
-1.00,251.00,-2.00,251.01
-3.00,250.00,-3.00,250.04
0.00,252.00,-3.00,252.02
-2.00,251.00,-2.00,251.02
-2.00,251.00,-1.00,251.01
-2.00,252.00,-1.00,252.01
-4.00,250.00,-1.00,250.03
-1.00,252.00,0.00,252.00
-2.00,252.00,-2.00,252.02
-2.00,251.00,-4.00,251.04
-1.00,251.00,-1.00,251.00
0.00,252.00,-3.00,252.02
-1.00,251.00,-2.00,251.01
-1.00,252.00,-2.00,252.01
-1.00,252.00,-1.00,252.00
0.00,251.00,-2.00,251.01
-3.00,252.00,-1.00,252.02
-1.00,252.00,0.00,252.00
-2.00,252.00,-1.00,252.01
-1.00,251.00,0.00,251.00
-1.00,251.00,-1.00,251.00
-1.00,252.00,-1.00,252.00
-1.00,253.00,-2.00,253.01
-1.00,251.00,0.00,251.00
-1.00,251.00,0.00,251.00
-2.00,252.00,0.00,252.01
-1.00,252.00,-3.00,252.02
-1.00,251.00,-1.00,251.00
-1.00,252.00,-2.00,252.01
-1.00,252.00,-2.00,252.01
-2.00,251.00,-2.00,251.02
-2.00,252.00,-1.00,252.01
-2.00,253.00,0.00,253.01
-1.00,251.00,-1.00,251.00
-2.00,251.00,-1.00,251.01
-2.00,253.00,-1.00,253.01
-1.00,252.00,-2.00,252.01
-1.00,252.00,-1.00,252.00
-2.00,251.00,-1.00,251.01
-1.00,251.00,0.00,251.00
-1.00,251.00,-1.00,251.00
-1.00,252.00,0.00,252.00
-1.00,250.00,-2.00,250.01
-1.00,251.00,0.00,251.00
-3.00,251.00,1.00,251.02
-2.00,250.00,-1.00,250.01
-1.00,252.00,0.00,252.00
-1.00,253.00,0.00,253.00
-1.00,251.00,-2.00,251.01
-3.00,252.00,-1.00,252.02
-1.00,252.00,0.00,252.00
-1.00,249.00,1.00,249.00
-1.00,251.00,0.00,251.00
-1.00,253.00,-1.00,253.00
0.00,251.00,1.00,251.00
-1.00,252.00,-2.00,252.01
-2.00,251.00,1.00,251.01
-2.00,251.00,0.00,251.01
-2.00,251.00,-1.00,251.01
-2.00,253.00,1.00,253.01
-2.00,252.00,1.00,252.01
-1.00,251.00,1.00,251.00
-1.00,251.00,-2.00,251.01
-2.00,251.00,-1.00,251.01
-2.00,253.00,1.00,253.01
-2.00,251.00,0.00,251.01
-1.00,252.00,-1.00,252.00
-2.00,251.00,0.00,251.01
-1.00,252.00,-1.00,252.00
-3.00,252.00,-1.00,252.02
-1.00,252.00,0.00,252.00
-1.00,251.00,0.00,251.00
-1.00,254.00,0.00,254.00
-3.00,252.00,0.00,252.02
-4.00,252.00,-1.00,252.03
-1.00,252.00,1.00,252.00
-2.00,252.00,0.00,252.01
-1.00,251.00,-1.00,251.00
-1.00,252.00,0.00,252.00
-2.00,252.00,1.00,252.01
-2.00,252.00,0.00,252.01
-1.00,251.00,-1.00,251.00
-2.00,251.00,0.00,251.01
-1.00,253.00,1.00,253.00
-2.00,252.00,1.00,252.01
-2.00,250.00,0.00,250.01
-2.00,252.00,-3.00,252.03
-2.00,252.00,2.00,252.02
-1.00,251.00,-1.00,251.00
-2.00,253.00,1.00,253.01
-2.00,252.00,0.00,252.01
-1.00,252.00,1.00,252.00
-2.00,253.00,0.00,253.01
-1.00,252.00,0.00,252.00
-2.00,251.00,0.00,251.01
-2.00,253.00,0.00,253.01
-1.00,251.00,0.00,251.00
-1.00,250.00,-1.00,250.00
-1.00,252.00,-2.00,252.01
-2.00,251.00,0.00,251.01
-4.00,252.00,-1.00,252.03
-1.00,251.00,-1.00,251.00
-1.00,251.00,0.00,251.00
-2.00,253.00,1.00,253.01
-2.00,251.00,0.00,251.01
-2.00,251.00,-1.00,251.01
0.00,255.00,1.00,255.00
-2.00,254.00,0.00,254.01
-2.00,252.00,-3.00,252.03
-1.00,252.00,-1.00,252.00
-1.00,252.00,2.00,252.01
-3.00,253.00,0.00,253.02
-1.00,251.00,1.00,251.00
-1.00,252.00,1.00,252.00
-2.00,249.00,-1.00,249.01
-3.00,252.00,-1.00,252.02
-1.00,251.00,0.00,251.00
-1.00,252.00,0.00,252.00
-2.00,252.00,2.00,252.02
-3.00,251.00,2.00,251.03
-2.00,253.00,0.00,253.01
-1.00,253.00,0.00,253.00
-2.00,252.00,-1.00,252.01
-2.00,252.00,1.00,252.01
-1.00,253.00,0.00,253.00
-2.00,252.00,0.00,252.01
-1.00,252.00,1.00,252.00
-2.00,251.00,-1.00,251.01
-1.00,252.00,1.00,252.00
-3.00,254.00,0.00,254.02
-2.00,252.00,1.00,252.01
-1.00,252.00,2.00,252.01
-2.00,253.00,0.00,253.01
-2.00,252.00,1.00,252.01
-2.00,252.00,0.00,252.01
0.00,253.00,0.00,253.00
-1.00,251.00,1.00,251.00
-1.00,251.00,1.00,251.00
-1.00,253.00,1.00,253.00
-3.00,253.00,-1.00,253.02
-1.00,251.00,0.00,251.00
-2.00,253.00,1.00,253.01
-2.00,252.00,0.00,252.01
-1.00,252.00,-1.00,252.00
-1.00,250.00,1.00,250.00
-1.00,252.00,1.00,252.00
-1.00,252.00,0.00,252.00
-1.00,251.00,1.00,251.00
-2.00,252.00,1.00,252.01
-1.00,252.00,1.00,252.00
-2.00,252.00,1.00,252.01
-3.00,251.00,0.00,251.02
-1.00,252.00,3.00,252.02
-2.00,252.00,0.00,252.01
-3.00,253.00,2.00,253.03
-3.00,253.00,1.00,253.02
-2.00,252.00,2.00,252.02
-2.00,252.00,1.00,252.01
-3.00,244.00,3.00,244.04
-1.00,251.00,1.00,251.00
-2.00,252.00,2.00,252.02
-3.00,252.00,0.00,252.02
-3.00,252.00,0.00,252.02
-2.00,251.00,1.00,251.01
0.00,250.00,0.00,250.00
0.00,251.00,2.00,251.01
-2.00,252.00,0.00,252.01
-2.00,252.00,2.00,252.02
-2.00,253.00,-1.00,253.01
-1.00,252.00,0.00,252.00
-3.00,252.00,-1.00,252.02
-1.00,252.00,0.00,252.00
-1.00,252.00,1.00,252.00
-1.00,252.00,-1.00,252.00
-3.00,252.00,1.00,252.02
-1.00,252.00,1.00,252.00
-2.00,252.00,3.00,252.03
-2.00,252.00,1.00,252.01
-1.00,252.00,1.00,252.00
-2.00,252.00,1.00,252.01
-1.00,251.00,2.00,251.01
-2.00,251.00,1.00,251.01
-1.00,251.00,1.00,251.00
-2.00,253.00,1.00,253.01
-2.00,251.00,1.00,251.01
-3.00,252.00,0.00,252.02
-2.00,253.00,1.00,253.01
-2.00,253.00,1.00,253.01
-2.00,250.00,0.00,250.01
0.00,251.00,1.00,251.00
-2.00,252.00,1.00,252.01
-3.00,252.00,3.00,252.04
-2.00,252.00,1.00,252.01
0.00,251.00,0.00,251.00
-3.00,253.00,0.00,253.02
-2.00,252.00,0.00,252.01
-2.00,252.00,-1.00,252.01
-1.00,252.00,1.00,252.00
-2.00,252.00,1.00,252.01
-2.00,251.00,1.00,251.01
-2.00,252.00,1.00,252.01
-2.00,251.00,2.00,251.02
-3.00,253.00,0.00,253.02
-2.00,251.00,3.00,251.03
-1.00,253.00,1.00,253.00
-2.00,251.00,1.00,251.01
-2.00,251.00,0.00,251.01
-2.00,253.00,1.00,253.01
-2.00,252.00,-1.00,252.01
-2.00,252.00,0.00,252.01
-3.00,253.00,2.00,253.03
-2.00,254.00,2.00,254.02
-2.00,251.00,0.00,251.01
-2.00,250.00,1.00,250.01
-2.00,251.00,2.00,251.02
0.00,250.00,1.00,250.00
-2.00,252.00,1.00,252.01
-2.00,253.00,1.00,253.01
-2.00,251.00,0.00,251.01
-1.00,252.00,0.00,252.00
