0.00,0.00,262.00,262.00
0.00,0.00,260.00,260.00
-1.00,1.00,263.00,263.00
0.00,0.00,263.00,263.00
1.00,1.00,263.00,263.00
0.00,1.00,262.00,262.00
2.00,1.00,261.00,261.01
3.00,0.00,262.00,262.02
0.00,1.00,263.00,263.00
1.00,0.00,264.00,264.00
0.00,1.00,263.00,263.00
-1.00,0.00,264.00,264.00
-1.00,1.00,263.00,263.00
-1.00,0.00,264.00,264.00
1.00,0.00,262.00,262.00
-1.00,1.00,263.00,263.00
-2.00,1.00,263.00,263.01
-5.00,1.00,262.00,262.05
-3.00,-1.00,263.00,263.02
2.00,-1.00,263.00,263.01
-3.00,3.00,263.00,263.03
1.00,-2.00,263.00,263.01
-1.00,-1.00,263.00,263.00
0.00,3.00,260.00,260.02
1.00,0.00,264.00,264.00
2.00,1.00,260.00,260.01
-4.00,4.00,258.00,258.06
1.00,0.00,262.00,262.00
0.00,-1.00,261.00,261.00
0.00,3.00,261.00,261.02
0.00,1.00,261.00,261.00
0.00,1.00,260.00,260.00
-1.00,1.00,262.00,262.00
-1.00,0.00,260.00,260.00
0.00,1.00,259.00,259.00
1.00,0.00,261.00,261.00
1.00,0.00,260.00,260.00
-2.00,0.00,260.00,260.01
0.00,0.00,257.00,257.00
-1.00,1.00,259.00,259.00
0.00,1.00,258.00,258.00
0.00,1.00,259.00,259.00
0.00,1.00,259.00,259.00
0.00,1.00,260.00,260.00
-1.00,-1.00,261.00,261.00
-1.00,3.00,261.00,261.02
0.00,1.00,259.00,259.00
0.00,1.00,258.00,258.00
1.00,1.00,259.00,259.00
-1.00,1.00,258.00,258.00
0.00,2.00,260.00,260.01
0.00,0.00,260.00,260.00
0.00,0.00,258.00,258.00
-1.00,0.00,259.00,259.00
0.00,-1.00,259.00,259.00
0.00,1.00,257.00,257.00
0.00,0.00,259.00,259.00
-1.00,1.00,257.00,257.00
-1.00,1.00,260.00,260.00
-2.00,0.00,259.00,259.01
-1.00,2.00,260.00,260.01
-1.00,1.00,261.00,261.00
0.00,-1.00,257.00,257.00
-1.00,1.00,258.00,258.00
0.00,0.00,259.00,259.00
-2.00,0.00,257.00,257.01
0.00,0.00,258.00,258.00
0.00,0.00,259.00,259.00
0.00,0.00,259.00,259.00
0.00,1.00,258.00,258.00
-1.00,0.00,258.00,258.00
0.00,1.00,259.00,259.00
-1.00,1.00,260.00,260.00
0.00,0.00,257.00,257.00
-1.00,0.00,259.00,259.00
-1.00,1.00,258.00,258.00
-4.00,-1.00,256.00,256.03
0.00,1.00,260.00,260.00
0.00,0.00,259.00,259.00
0.00,1.00,257.00,257.00
-1.00,1.00,260.00,260.00
0.00,1.00,259.00,259.00
-1.00,1.00,258.00,258.00
-1.00,1.00,258.00,258.00
-1.00,0.00,259.00,259.00
-1.00,2.00,260.00,260.01
0.00,-1.00,260.00,260.00
0.00,0.00,258.00,258.00
0.00,0.00,257.00,257.00
-1.00,1.00,259.00,259.00
0.00,-1.00,256.00,256.00
-1.00,1.00,257.00,257.00
1.00,0.00,259.00,259.00
0.00,0.00,257.00,257.00
-1.00,1.00,260.00,260.00
0.00,1.00,259.00,259.00
0.00,-1.00,258.00,258.00
0.00,1.00,259.00,259.00
0.00,0.00,260.00,260.00
-1.00,1.00,259.00,259.00
0.00,0.00,259.00,259.00
-1.00,1.00,260.00,260.00
-2.00,1.00,258.00,258.01
1.00,1.00,260.00,260.00
1.00,0.00,258.00,258.00
-1.00,1.00,259.00,259.00
-1.00,-2.00,262.00,262.01
-1.00,0.00,259.00,259.00
0.00,1.00,260.00,260.00
-1.00,0.00,260.00,260.00
-1.00,0.00,259.00,259.00
-2.00,1.00,259.00,259.01
0.00,1.00,259.00,259.00
-1.00,1.00,258.00,258.00
0.00,0.00,260.00,260.00
0.00,0.00,259.00,259.00
0.00,0.00,259.00,259.00
0.00,1.00,258.00,258.00
-2.00,1.00,260.00,260.01
-1.00,0.00,258.00,258.00
1.00,-1.00,257.00,257.00
0.00,1.00,260.00,260.00
0.00,0.00,258.00,258.00
0.00,1.00,258.00,258.00
-1.00,2.00,260.00,260.01
-1.00,0.00,259.00,259.00
-1.00,0.00,258.00,258.00
0.00,1.00,260.00,260.00
0.00,0.00,260.00,260.00
-1.00,1.00,260.00,260.00
-1.00,1.00,260.00,260.00
0.00,2.00,261.00,261.01
-1.00,0.00,259.00,259.00
1.00,1.00,259.00,259.00
0.00,3.00,260.00,260.02
-1.00,0.00,260.00,260.00
0.00,0.00,259.00,259.00
-1.00,1.00,260.00,260.00
0.00,2.00,261.00,261.01
0.00,0.00,259.00,259.00
-1.00,0.00,261.00,261.00
-1.00,1.00,258.00,258.00
-1.00,1.00,260.00,260.00
-2.00,1.00,261.00,261.01
0.00,0.00,260.00,260.00
-1.00,2.00,259.00,259.01
-1.00,0.00,260.00,260.00
0.00,0.00,259.00,259.00
0.00,1.00,260.00,260.00
-1.00,0.00,259.00,259.00
0.00,0.00,259.00,259.00
0.00,0.00,260.00,260.00
0.00,0.00,260.00,260.00
0.00,0.00,260.00,260.00
0.00,0.00,261.00,261.00
1.00,2.00,259.00,259.01
-1.00,1.00,260.00,260.00
-1.00,1.00,260.00,260.00
0.00,1.00,260.00,260.00
0.00,0.00,260.00,260.00
-1.00,1.00,259.00,259.00
0.00,0.00,258.00,258.00
0.00,0.00,259.00,259.00
0.00,1.00,261.00,261.00
-1.00,1.00,260.00,260.00
-1.00,0.00,260.00,260.00
0.00,1.00,258.00,258.00
0.00,1.00,260.00,260.00
-1.00,1.00,260.00,260.00
-1.00,1.00,260.00,260.00
0.00,0.00,259.00,259.00
0.00,0.00,260.00,260.00
0.00,1.00,260.00,260.00
-1.00,2.00,260.00,260.01
1.00,0.00,261.00,261.00
-1.00,0.00,260.00,260.00
-1.00,0.00,259.00,259.00
0.00,2.00,258.00,258.01
-2.00,-1.00,260.00,260.01
0.00,0.00,260.00,260.00
-1.00,0.00,259.00,259.00
0.00,1.00,260.00,260.00
0.00,1.00,259.00,259.00
-1.00,0.00,260.00,260.00
1.00,0.00,259.00,259.00
-1.00,0.00,258.00,258.00
0.00,1.00,259.00,259.00
0.00,1.00,260.00,260.00
0.00,0.00,259.00,259.00
0.00,1.00,259.00,259.00
1.00,1.00,260.00,260.00
0.00,1.00,260.00,260.00
-1.00,1.00,259.00,259.00
0.00,1.00,259.00,259.00
1.00,0.00,261.00,261.00
0.00,1.00,261.00,261.00
-1.00,0.00,260.00,260.00
0.00,1.00,258.00,258.00
-1.00,0.00,260.00,260.00
1.00,0.00,260.00,260.00
0.00,1.00,261.00,261.00
0.00,0.00,260.00,260.00
-1.00,-2.00,259.00,259.01
0.00,0.00,259.00,259.00
-1.00,0.00,260.00,260.00
0.00,0.00,259.00,259.00
0.00,1.00,261.00,261.00
0.00,1.00,260.00,260.00
0.00,1.00,260.00,260.00
-1.00,0.00,261.00,261.00
-2.00,2.00,259.00,259.02
-1.00,0.00,259.00,259.00
-1.00,1.00,261.00,261.00
-1.00,1.00,259.00,259.00
0.00,1.00,259.00,259.00
-2.00,1.00,259.00,259.01
0.00,0.00,261.00,261.00
0.00,0.00,260.00,260.00
0.00,1.00,258.00,258.00
-1.00,0.00,260.00,260.00
0.00,0.00,260.00,260.00
-1.00,0.00,260.00,260.00
0.00,1.00,260.00,260.00
-1.00,-1.00,254.00,254.00
0.00,0.00,258.00,258.00
-1.00,0.00,259.00,259.00
0.00,-1.00,258.00,258.00
0.00,0.00,259.00,259.00
0.00,0.00,259.00,259.00
-1.00,0.00,259.00,259.00
-1.00,1.00,258.00,258.00
0.00,0.00,258.00,258.00
0.00,0.00,259.00,259.00
-1.00,0.00,260.00,260.00
0.00,0.00,262.00,262.00
-1.00,0.00,259.00,259.00
2.00,1.00,257.00,257.01
0.00,2.00,261.00,261.01
-1.00,3.00,261.00,261.02
0.00,2.00,260.00,260.01
0.00,1.00,260.00,260.00
-1.00,0.00,261.00,261.00
0.00,1.00,258.00,258.00
0.00,0.00,259.00,259.00
0.00,1.00,258.00,258.00
-1.00,1.00,259.00,259.00
-1.00,0.00,259.00,259.00
-1.00,1.00,259.00,259.00
-1.00,1.00,259.00,259.00
0.00,0.00,259.00,259.00
-1.00,1.00,259.00,259.00
-1.00,0.00,259.00,259.00
0.00,0.00,258.00,258.00
-1.00,1.00,260.00,260.00
1.00,2.00,258.00,258.01
-1.00,1.00,258.00,258.00
1.00,1.00,259.00,259.00
-1.00,0.00,260.00,260.00
0.00,0.00,259.00,259.00
0.00,1.00,259.00,259.00
-2.00,2.00,259.00,259.02
-1.00,0.00,260.00,260.00
-2.00,2.00,260.00,260.02
-1.00,1.00,258.00,258.00
-1.00,1.00,260.00,260.00
0.00,-1.00,258.00,258.00
-1.00,2.00,259.00,259.01
2.00,3.00,259.00,259.03
1.00,-1.00,255.00,255.00
-1.00,1.00,258.00,258.00
0.00,1.00,258.00,258.00
1.00,0.00,260.00,260.00
0.00,1.00,261.00,261.00
0.00,0.00,260.00,260.00
0.00,1.00,258.00,258.00
-1.00,0.00,261.00,261.00
-1.00,0.00,258.00,258.00
-1.00,0.00,260.00,260.00
0.00,1.00,261.00,261.00
-1.00,1.00,260.00,260.00
-1.00,0.00,258.00,258.00
0.00,0.00,259.00,259.00
0.00,1.00,261.00,261.00
-1.00,1.00,260.00,260.00
-1.00,0.00,258.00,258.00
-1.00,-1.00,259.00,259.00
0.00,1.00,259.00,259.00
-1.00,-1.00,260.00,260.00
0.00,0.00,258.00,258.00
-1.00,1.00,259.00,259.00
-1.00,0.00,260.00,260.00
-1.00,1.00,259.00,259.00
-1.00,1.00,259.00,259.00
0.00,0.00,259.00,259.00
-1.00,1.00,260.00,260.00
0.00,0.00,260.00,260.00
-1.00,0.00,260.00,260.00
-2.00,3.00,261.00,261.02
-2.00,1.00,259.00,259.01
0.00,2.00,260.00,260.01
-1.00,1.00,261.00,261.00
-1.00,1.00,260.00,260.00
0.00,0.00,258.00,258.00
0.00,1.00,261.00,261.00
0.00,0.00,261.00,261.00
0.00,0.00,260.00,260.00
0.00,0.00,258.00,258.00
-1.00,0.00,259.00,259.00
0.00,0.00,259.00,259.00
-1.00,0.00,259.00,259.00
0.00,1.00,260.00,260.00
0.00,1.00,259.00,259.00
-1.00,0.00,261.00,261.00
-1.00,1.00,260.00,260.00
0.00,1.00,259.00,259.00
0.00,2.00,260.00,260.01
0.00,0.00,259.00,259.00
0.00,1.00,259.00,259.00
-1.00,1.00,259.00,259.00
1.00,2.00,258.00,258.01
-1.00,-2.00,261.00,261.01
1.00,0.00,259.00,259.00
0.00,1.00,261.00,261.00
0.00,1.00,261.00,261.00
0.00,0.00,259.00,259.00
-1.00,0.00,258.00,258.00
-1.00,1.00,259.00,259.00
-2.00,2.00,259.00,259.02
-1.00,1.00,260.00,260.00
-1.00,0.00,259.00,259.00
-1.00,0.00,261.00,261.00
-1.00,0.00,259.00,259.00
-2.00,1.00,262.00,262.01
0.00,-1.00,260.00,260.00
0.00,0.00,259.00,259.00
0.00,1.00,259.00,259.00
-1.00,1.00,259.00,259.00
0.00,-1.00,258.00,258.00
0.00,1.00,258.00,258.00
-1.00,1.00,258.00,258.00
0.00,1.00,260.00,260.00
-1.00,0.00,261.00,261.00
-1.00,1.00,259.00,259.00
-1.00,0.00,258.00,258.00
0.00,0.00,259.00,259.00
1.00,1.00,258.00,258.00
0.00,1.00,259.00,259.00
-1.00,1.00,259.00,259.00
1.00,1.00,258.00,258.00
0.00,1.00,258.00,258.00
0.00,1.00,259.00,259.00
-1.00,0.00,258.00,258.00
-2.00,1.00,257.00,257.01
0.00,1.00,259.00,259.00
0.00,1.00,259.00,259.00
0.00,0.00,258.00,258.00
0.00,0.00,258.00,258.00
-1.00,1.00,259.00,259.00
-1.00,0.00,257.00,257.00
0.00,0.00,260.00,260.00
1.00,0.00,258.00,258.00
-1.00,1.00,257.00,257.00
0.00,0.00,258.00,258.00
-1.00,0.00,258.00,258.00
0.00,1.00,260.00,260.00
0.00,0.00,259.00,259.00
0.00,-1.00,258.00,258.00
0.00,1.00,259.00,259.00
0.00,0.00,258.00,258.00
-1.00,2.00,259.00,259.01
-1.00,1.00,259.00,259.00
-1.00,2.00,259.00,259.01
-1.00,2.00,258.00,258.01
0.00,0.00,259.00,259.00
-1.00,0.00,259.00,259.00
0.00,-1.00,259.00,259.00
-1.00,-1.00,259.00,259.00
0.00,0.00,257.00,257.00
0.00,0.00,258.00,258.00
0.00,1.00,260.00,260.00
1.00,1.00,258.00,258.00
0.00,0.00,260.00,260.00
0.00,0.00,258.00,258.00
1.00,0.00,259.00,259.00
0.00,0.00,259.00,259.00
0.00,0.00,259.00,259.00
-1.00,1.00,260.00,260.00
-1.00,1.00,260.00,260.00
0.00,0.00,259.00,259.00
0.00,-1.00,258.00,258.00
0.00,0.00,257.00,257.00
0.00,0.00,258.00,258.00
0.00,-1.00,258.00,258.00
-1.00,1.00,259.00,259.00
1.00,1.00,258.00,258.00
1.00,2.00,260.00,260.01
-1.00,2.00,260.00,260.01
-1.00,0.00,260.00,260.00
0.00,0.00,258.00,258.00
-1.00,0.00,257.00,257.00
0.00,0.00,258.00,258.00
1.00,0.00,259.00,259.00
-1.00,1.00,258.00,258.00
0.00,0.00,258.00,258.00
-1.00,0.00,258.00,258.00
0.00,-1.00,259.00,259.00
-1.00,0.00,257.00,257.00
-1.00,1.00,259.00,259.00
-1.00,0.00,258.00,258.00
-2.00,1.00,258.00,258.01
0.00,1.00,259.00,259.00
0.00,1.00,259.00,259.00
-1.00,0.00,258.00,258.00
-1.00,1.00,261.00,261.00
0.00,1.00,258.00,258.00
0.00,1.00,258.00,258.00
-1.00,2.00,259.00,259.01
-1.00,1.00,259.00,259.00
-1.00,-1.00,258.00,258.00
0.00,0.00,259.00,259.00
0.00,0.00,260.00,260.00
0.00,0.00,258.00,258.00
-1.00,1.00,259.00,259.00
-1.00,1.00,259.00,259.00
-1.00,1.00,257.00,257.00
0.00,-1.00,258.00,258.00
-1.00,0.00,259.00,259.00
-1.00,0.00,258.00,258.00
-2.00,1.00,258.00,258.01
0.00,1.00,261.00,261.00
0.00,0.00,259.00,259.00
0.00,1.00,259.00,259.00
-1.00,1.00,259.00,259.00
-1.00,1.00,260.00,260.00
-1.00,1.00,258.00,258.00
0.00,0.00,258.00,258.00
0.00,0.00,259.00,259.00
0.00,0.00,259.00,259.00
-1.00,1.00,260.00,260.00
-1.00,1.00,259.00,259.00
-1.00,1.00,260.00,260.00
0.00,1.00,261.00,261.00
-2.00,0.00,258.00,258.01
-1.00,1.00,260.00,260.00
0.00,1.00,259.00,259.00
1.00,0.00,260.00,260.00
0.00,1.00,260.00,260.00
0.00,1.00,258.00,258.00
0.00,0.00,259.00,259.00
-1.00,1.00,259.00,259.00
-1.00,1.00,259.00,259.00
0.00,0.00,257.00,257.00
-1.00,0.00,258.00,258.00
0.00,0.00,259.00,259.00
0.00,0.00,259.00,259.00
0.00,-1.00,260.00,260.00
-1.00,1.00,260.00,260.00
0.00,0.00,259.00,259.00
0.00,0.00,257.00,257.00
-1.00,-1.00,260.00,260.00
0.00,1.00,259.00,259.00
0.00,0.00,258.00,258.00
-1.00,2.00,259.00,259.01
0.00,1.00,260.00,260.00
0.00,0.00,260.00,260.00
-1.00,0.00,261.00,261.00
0.00,1.00,260.00,260.00
-1.00,0.00,258.00,258.00
0.00,0.00,258.00,258.00
0.00,1.00,259.00,259.00
0.00,2.00,258.00,258.01
-1.00,1.00,259.00,259.00
-2.00,2.00,259.00,259.02
0.00,1.00,260.00,260.00
-1.00,1.00,260.00,260.00
0.00,0.00,258.00,258.00
-1.00,0.00,259.00,259.00
0.00,0.00,258.00,258.00
-1.00,1.00,258.00,258.00
-1.00,1.00,259.00,259.00
-2.00,2.00,258.00,258.02
0.00,0.00,259.00,259.00
-1.00,1.00,258.00,258.00
-1.00,-1.00,259.00,259.00
0.00,0.00,260.00,260.00
0.00,0.00,259.00,259.00
-1.00,0.00,260.00,260.00
1.00,0.00,259.00,259.00
-1.00,1.00,258.00,258.00
-1.00,1.00,258.00,258.00
-1.00,1.00,258.00,258.00
-1.00,1.00,258.00,258.00
0.00,2.00,260.00,260.01
-1.00,0.00,260.00,260.00
-1.00,2.00,258.00,258.01
0.00,0.00,258.00,258.00
0.00,0.00,259.00,259.00
-1.00,0.00,259.00,259.00
-1.00,0.00,260.00,260.00
-1.00,0.00,260.00,260.00
-1.00,0.00,258.00,258.00
-1.00,1.00,258.00,258.00
0.00,1.00,259.00,259.00
-1.00,0.00,258.00,258.00
0.00,0.00,259.00,259.00
0.00,0.00,258.00,258.00
-1.00,1.00,259.00,259.00
-1.00,1.00,260.00,260.00
0.00,1.00,256.00,256.00
0.00,1.00,257.00,257.00
0.00,0.00,257.00,257.00
-2.00,1.00,257.00,257.01
0.00,-1.00,257.00,257.00
0.00,1.00,261.00,261.00
-1.00,1.00,257.00,257.00
-1.00,1.00,258.00,258.00
0.00,1.00,259.00,259.00
-1.00,0.00,257.00,257.00
0.00,0.00,259.00,259.00
-1.00,1.00,258.00,258.00
0.00,0.00,260.00,260.00
0.00,1.00,258.00,258.00
0.00,0.00,258.00,258.00
0.00,1.00,259.00,259.00
0.00,1.00,259.00,259.00
0.00,0.00,258.00,258.00
-1.00,0.00,259.00,259.00
-1.00,2.00,259.00,259.01
0.00,0.00,257.00,257.00
0.00,1.00,258.00,258.00
0.00,-1.00,258.00,258.00
0.00,1.00,259.00,259.00
-2.00,1.00,259.00,259.01
-1.00,0.00,258.00,258.00
-1.00,0.00,258.00,258.00
-1.00,0.00,259.00,259.00
2.00,1.00,258.00,258.01
-3.00,0.00,258.00,258.02
-1.00,0.00,259.00,259.00
1.00,0.00,259.00,259.00
0.00,0.00,259.00,259.00
-2.00,0.00,259.00,259.01
0.00,0.00,258.00,258.00
0.00,1.00,258.00,258.00
0.00,0.00,260.00,260.00
1.00,1.00,259.00,259.00
-1.00,0.00,259.00,259.00
0.00,1.00,258.00,258.00
0.00,1.00,258.00,258.00
0.00,0.00,258.00,258.00
-1.00,1.00,258.00,258.00
-1.00,1.00,258.00,258.00
-3.00,0.00,257.00,257.02
0.00,1.00,259.00,259.00
0.00,0.00,259.00,259.00
4.00,-2.00,259.00,259.04
-1.00,1.00,258.00,258.00
-1.00,1.00,258.00,258.00
0.00,-1.00,260.00,260.00
-2.00,0.00,258.00,258.01
0.00,0.00,258.00,258.00
0.00,0.00,256.00,256.00
0.00,1.00,257.00,257.00
-1.00,-1.00,259.00,259.00
0.00,0.00,257.00,257.00
0.00,1.00,257.00,257.00
0.00,1.00,258.00,258.00
0.00,0.00,257.00,257.00
0.00,0.00,258.00,258.00
-1.00,0.00,259.00,259.00
-2.00,1.00,258.00,258.01
-1.00,1.00,258.00,258.00
-1.00,0.00,257.00,257.00
